0b000101 0b004001 10000 100 50000 2000049999 38700 16676
0b000201 0b004001 10000 100 50000 2000049999 38790 16676
0b000401 0b004001 10000 100 50000 2000049999 38880 16676
0b000501 0b004001 10000 100 50000 2000049999 38970 16676
0b000301 0b004001 10000 100 50000 2000049999 40050 16676
0b000001 0b004001 10000 100 50000 2000049999 43920 16676
0b000601 0b004001 10000 100 50000 2000049999 44010 16676
0b000901 0b001001 10000 100 20000000 2000000000 7067111 1686720
0b000a01 0b001001 10000 100 20000000 2000000000 7139931 1686720
0b000701 0b001001 10000 100 20000000 2000000000 7620700 1686720
0b000801 0b001001 10000 100 20000000 2000000000 7680208 1686720
