0b000e01 0b000f01 10000 100 209715200 2000000000 83306918 17603462
0b000b01 0b000d01 10000 100 209715200 2000000000 122226389 17603462
0b000a01 0b000c01 10000 100 209715200 2000000000 126008227 17603462
0b001201 0b001301 10000 100 209715200 2000000000 166382203 17603462
0b000001 0b000301 10000 100 209715200 2000000000 216476693 17603462
0b03de01 0b000a01 10000 100 209715200 2000000000 297255189 17611782
0b027e01 0b000901 10000 100 209715200 2000000000 299179054 17611782
0b00c301 0b000a01 10000 100 209715200 2000000000 301210791 17611782
0b01c301 0b000a01 10000 100 209715200 2000000000 321966922 17611782
0b001b01 0b001901 10000 100 209715200 2000000000 329279598 17603462
0b020c01 0b000401 10000 100 209715200 2000000000 338658959 17611782
0b02a701 0b001201 10000 100 209715200 2000000000 346196439 17611782
0b00f601 0b000901 10000 100 209715200 2000000000 351849937 17611782
0b02e101 0b000901 10000 100 209715200 2000000000 352955035 17611782
0b01f901 0b000901 10000 100 209715200 2000000000 355918718 17611782
0b00de01 0b000901 10000 100 209715200 2000000000 356121200 17611782
0b001301 0b001501 10000 100 209715200 2000000000 357709432 17603462
0b023a01 0b000a01 10000 100 209715200 2000000000 366061159 17611782
0b027d01 0b000a01 10000 100 209715200 2000000000 367157379 17611782
0b002c01 0b000a01 10000 100 209715200 2000000000 367513104 17607622
0b018801 0b000401 10000 100 209715200 2000000000 371014668 17611782
0b024c01 0b000401 10000 100 209715200 2000000000 371442752 17611782
0b001401 0b000f01 10000 100 209715200 2000000000 386436611 17607622
0b034001 0b000f01 10000 100 209715200 2000000000 386825542 17611782
0b039901 0b001201 10000 100 209715200 2000000000 395797730 17611782
0b007401 0b001201 10000 100 209715200 2000000000 396077938 17611782
0b029a01 0b001201 10000 100 209715200 2000000000 397694455 17611782
0b010901 0b001301 10000 100 209715200 2000000000 398094730 17611782
0b00e101 0b001301 10000 100 209715200 2000000000 399102356 17611782
0b032b01 0b000801 10000 100 209715200 2000000000 400357592 17611782
0b01b401 0b000801 10000 100 209715200 2000000000 402543207 17611782
0b01bf01 0b000f01 10000 100 209715200 2000000000 408122440 17611782
0b004d01 0b000f01 10000 100 209715200 2000000000 409080526 17611782
0b039301 0b000f01 10000 100 209715200 2000000000 409815173 17611782
0b017b01 0b001c01 10000 100 209715200 2000000000 419886181 17611782
0b00c701 0b001c01 10000 100 209715200 2000000000 420133284 17611782
0b03ee01 0b001c01 10000 100 209715200 2000000000 420558792 17611782
0b01d601 0b001101 10000 100 209715200 2000000000 420921364 17611782
0b037701 0b001c01 10000 100 209715200 2000000000 421713644 17611782
0b03b301 0b000801 10000 100 209715200 2000000000 426710541 17611782
0b005701 0b000801 10000 100 209715200 2000000000 427348446 17611782
0b024a01 0b000f01 10000 100 209715200 2000000000 427659443 17611782
0b00f301 0b000f01 10000 100 209715200 2000000000 427780948 17611782
0b009401 0b000f01 10000 100 209715200 2000000000 428967132 17611782
0b008401 0b000501 10000 100 209715200 2000000000 432371812 17611782
0b02b601 0b000501 10000 100 209715200 2000000000 432540462 17611782
0b03d701 0b000501 10000 100 209715200 2000000000 432777604 17611782
0b00a801 0b000501 10000 100 209715200 2000000000 433352271 17611782
0b031601 0b000c01 10000 100 209715200 2000000000 434978266 17611782
0b021a01 0b000c01 10000 100 209715200 2000000000 435268001 17611782
0b005401 0b000601 10000 100 209715200 2000000000 436186482 17611782
0b023f01 0b000c01 10000 100 209715200 2000000000 437045429 17611782
0b01c001 0b000c01 10000 100 209715200 2000000000 437111463 17611782
0b03a601 0b000601 10000 100 209715200 2000000000 437118584 17611782
0b038901 0b000c01 10000 100 209715200 2000000000 437469158 17611782
0b002801 0b000c01 10000 100 209715200 2000000000 437710745 17607622
0b001c01 0b000c01 10000 100 209715200 2000000000 437987894 17607622
0b018601 0b000c01 10000 100 209715200 2000000000 438133381 17611782
0b00b601 0b000601 10000 100 209715200 2000000000 438303888 17611782
0b011001 0b000601 10000 100 209715200 2000000000 439469729 17611782
0b001101 0b000601