1 0 10000 100 2000000 2000000000 0 0
1 0 10000 100 2000000 2000000083 1000 0
1 0 10000 100 2000000 2000000166 2000 0
1 0 10000 100 2000000 2000000249 3000 0
1 0 10000 100 2000000 2000000332 4000 0
1 0 10000 100 2000000 2000000415 5000 0
1 0 10000 100 2000000 2000000498 6000 0
1 0 10000 100 2000000 2000000581 7000 0
1 0 10000 100 2000000 2000000664 8000 0
1 0 10000 100 2000000 2000000747 9000 0
1 0 10000 100 2000000 2000000830 10000 0
1 0 10000 100 2000000 2000000913 11000 0
1 0 10000 100 2000000 2000000996 12000 0
1 0 10000 100 2000000 2000001079 13000 0
1 0 10000 100 2000000 2000001162 14000 0
1 0 10000 100 2000000 2000001245 15000 0
1 0 10000 100 2000000 2000001328 16000 0
1 0 10000 100 2000000 2000001411 17000 0
1 0 10000 100 2000000 2000001494 18000 0
1 0 10000 100 2000000 2000001577 19000 0
1 0 10000 100 2000000 2000001660 20000 0
1 0 10000 100 2000000 2000001743 21000 0
1 0 10000 100 2000000 2000001826 22000 0
1 0 10000 100 2000000 2000001909 23000 0
1 0 10000 100 2000000 2000001992 24000 0
1 0 10000 100 2000000 2000002075 25000 0
1 0 10000 100 2000000 2000002158 26000 0
1 0 10000 100 2000000 2000002241 27000 0
1 0 10000 100 2000000 2000002324 28000 0
1 0 10000 100 2000000 2000002407 29000 0
1 0 10000 100 2000000 2000002490 30000 0
1 0 10000 100 2000000 2000002573 31000 0
1 0 10000 100 2000000 2000002656 32000 0
1 0 10000 100 2000000 2000002739 33000 0
1 0 10000 100 2000000 2000002822 34000 0
1 0 10000 100 2000000 2000002905 35000 0
1 0 10000 100 2000000 2000002988 36000 0
1 0 10000 100 2000000 2000003071 37000 0
1 0 10000 100 2000000 2000003154 38000 0
1 0 10000 100 2000000 2000003237 39000 0
1 0 10000 100 2000000 2000003320 40000 0
1 0 10000 100 2000000 2000003403 41000 0
1 0 10000 100 2000000 2000003486 42000 0
1 0 10000 100 2000000 2000003569 43000 0
1 0 10000 100 2000000 2000003652 44000 0
1 0 10000 100 2000000 2000003735 45000 0
1 0 10000 100 2000000 2000003818 46000 0
1 0 10000 100 2000000 2000003901 47000 0
1 0 10000 100 2000000 2000003984 48000 0
1 0 10000 100 2000000 2000004067 49000 0
1 0 10000 100 2000000 2000004150 50000 0
1 0 10000 100 2000000 2000004233 51000 0
1 0 10000 100 2000000 2000004316 52000 0
1 0 10000 100 2000000 2000004399 53000 0
1 0 10000 100 2000000 2000004482 54000 0
1 0 10000 100 2000000 2000004565 55000 0
1 0 10000 100 2000000 2000004648 56000 0
1 0 10000 100 2000000 2000004731 57000 0
1 0 10000 100 2000000 2000004814 58000 0
1 0 10000 100 2000000 2000004897 59000 0
1 0 10000 100 2000000 2000004980 60000 0
1 0 10000 100 2000000 2000005063 61000 0
1 0 10000 100 2000000 2000005146 62000 0
1 0 10000 100 2000000 2000005229 63000 0
1 0 10000 100 2000000 2000005312 64000 0
1 0 10000 100 2000000 2000005395 65000 0
1 0 10000 100 2000000 2000005478 66000 0
1 0 10000 100 2000000 2000005561 67000 0
1 0 10000 100 2000000 2000005644 68000 0
1 0 10000 100 2000000 2000005727 69000 0
1 0 10000 100 2000000 2000005810 70000 0
1 0 10000 100 2000000 2000005893 71000 0
1 0 10000 100 2000000 2000005976 72000 0
1 0 10000 100 2000000 2000006059 73000 0
1 0 10000 100 2000000 2000006142 74000 0
1 0 10000 100 2000000 2000006225 75000 0
1 0 10000 100 2000000 2000006308 76000 1000
1 0 10000 100 2000000 2000006391 77000 2000
1 0 10000 100 2000000 2000006474 78000 3000
1 0 10000 100 2000000 2000006557 79000 4000
1 0 10000 100 2000000 2000006640 80000 5000
1 0 10000 100 2000000 2000006723 81000 6000
1 0 10000 100 2000000 2000006806 82000 7000
1 0 10000 100 2000000 2000006889 83000 8000
1 0 10000 100 2000000 2000006972 84000 9000
1 0 10000 100 2000000 2000007055 85000 10000
1 0 10000 100 2000000 2000007138 86000 11000
1 0 10000 100 2000000 2000007221 87000 12000
1 0 10000 100 2000000 2000007304 88000 13000
1 0 10000 100 2000000 2000007387 89000 14000
1 0 10000 100 2000000 2000007470 90000 15000
1 0 10000 100 2000000 2000007553 91000 16000
1 0 10000 100 2000000 2000007636 92000 17000
1 0 10000 100 2000000 2000007719 93000 18000
1 0 10000 100 2000000 2000007802 94000 19000
1 0 10000 100 2000000 2000007885 95000 20000
1 0 10000 100 2000000 2000007968 96000 21000
1 0 10000 100 2000000 2000008051 97000 22000
1 0 10000 100 2000000 2000008134 98000 23000
1 0 10000 100 2000000 2000008217 99000 24000
1 0 10000 100 2000000 2000008300 100000 25000
1 0 10000 100 2000000 2000008383 101000 26000
1 0 10000 100 2000000 2000008466 102000 27000
1 0 10000 100 2000000 2000008549 103000 28000
1 0 10000 100 2000000 2000008632 104000 29000
1 0 10000 100 2000000 2000008715 105000 30000
1 0 10000 100 2000000 2000008798 106000 31000
1 0 10000 100 2000000 2000008881 107000 32000
1 0 10000 100 2000000 2000008964 108000 33000
1 0 10000 100 2000000 2000009047 109000 34000
1 0 10000 100 2000000 2000009130 110000 35000
1 0 10000 100 2000000 2000009213 111000 36000
1 0 10000 100 2000000 2000009296 112000 37000
1 0 10000 100 2000000 2000009379 113000 38000
1 0 10000 100 2000000 2000009462 114000 39000
1 0 10000 100 2000000 2000009545 115000 40000
1 0 10000 100 2000000 2000009628 116000 41000
1 0 10000 100 2000000 2000009711 117000 42000
1 0 10000 100 2000000 2000009794 118000 43000
1 0 10000 100 2000000 2000009877 119000 44000
1 0 10000 100 2000000 2000009960 120000 45000
1 0 10000 100 2000000 2000010043 121000 46000
1 0 10000 100 2000000 2000010126 122000 47000
1 0 10000 100 2000000 2000010209 123000 48000
1 0 10000 100 2000000 2000010292 124000 49000
1 0 10000 100 2000000 2000010375 125000 50000
1 0 10000 100 2000000 2000010458 126000 51000
1 0 10000 100 2000000 2000010541 127000 52000
1 0 10000 100 2000000 2000010624 128000 53000
1 0 10000 100 2000000 2000010707 129000 54000
1 0 10000 100 2000000 2000010790 130000 55000
1 0 10000 100 2000000 2000010873 131000 56000
1 0 10000 100 2000000 2000010956 132000 57000
1 0 10000 100 2000000 2000011039 133000 58000
1 0 10000 100 2000000 2000011122 134000 59000
1 0 10000 100 2000000 2000011205 135000 60000
1 0 10000 100 2000000 2000011288 136000 61000
1 0 10000 100 2000000 2000011371 137000 62000
1 0 10000 100 2000000 2000011454 138000 63000
1 0 10000 100 2000000 2000011537 139000 64000
1 0 10000 100 2000000 2000011620 140000 65000
1 0 10000 100 2000000 2000011703 141000 66000
1 0 10000 100 2000000 2000011786 142000 67000
1 0 10000 100 2000000 2000011869 143000 68000
1 0 10000 100 2000000 2000011952 144000 69000
1 0 10000 100 2000000 2000012035 145000 70000
1 0 10000 100 2000000 2000012118 146000 71000
1 0 10000 100 2000000 2000012201 147000 72000
1 0 10000 100 2000000 2000012284 148000 73000
1 0 10000 100 2000000 2000012367 149000 74000
1 0 10000 100 2000000 2000012450 150000 75000
1 0 10000 100 2000000 2000012533 151000 76000
1 0 10000 100 2000000 2000012616 152000 77000
1 0 10000 100 2000000 2000012699 153000 78000
1 0 10000 100 2000000 2000012782 154000 79000
1 0 10000 100 2000000 2000012865 155000 80000
1 0 10000 100 2000000 2000012948 156000 81000
1 0 10000 100 2000000 2000013031 157000 82000
1 0 10000 100 2000000 2000013114 158000 83000
1 0 10000 100 2000000 2000013197 159000 84000
1 0 10000 100 2000000 2000013280 160000 85000
1 0 10000 100 2000000 2000013363 161000 86000
1 0 10000 100 2000000 2000013446 162000 87000
1 0 10000 100 2000000 2000013529 163000 88000
1 0 10000 100 2000000 2000013612 164000 89000
1 0 10000 100 2000000 2000013695 165000 90000
1 0 10000 100 2000000 2000013778 166000 91000
1 0 10000 100 2000000 2000013861 167000 92000
1 0 10000 100 2000000 2000013944 168000 93000
1 0 10000 100 2000000 2000014027 169000 94000
1 0 10000 100 2000000 2000014110 170000 95000
1 0 10000 100 2000000 2000014193 171000 96000
1 0 10000 100 2000000 2000014276 172000 97000
1 0 10000 100 2000000 2000014359 173000 98000
1 0 10000 100 2000000 2000014442 174000 99000
1 0 10000 100 2000000 2000014525 175000 100000
1 0 10000 100 2000000 2000014608 176000 101000
1 0 10000 100 2000000 2000014691 177000 102000
1 0 10000 100 2000000 2000014774 178000 103000
1 0 10000 100 2000000 2000014857 179000 104000
1 0 10000 100 2000000 2000014940 180000 105000
1 0 10000 100 2000000 2000015023 181000 106000
1 0 10000 100 2000000 2000015106 182000 107000
1 0 10000 100 2000000 2000015189 183000 108000
1 0 10000 100 2000000 2000015272 184000 109000
1 0 10000 100 2000000 2000015355 185000 110000
1 0 10000 100 2000000 2000015438 186000 111000
1 0 10000 100 2000000 2000015521 187000 112000
1 0 10000 100 2000000 2000015604 188000 113000
1 0 10000 100 2000000 2000015687 189000 114000
1 0 10000 100 2000000 2000015770 190000 115000
1 0 10000 100 2000000 2000015853 191000 116000
1 0 10000 100 2000000 2000015936 192000 117000
1 0 10000 100 2000000 2000016019 193000 118000
1 0 10000 100 2000000 2000016102 194000 119000
1 0 10000 100 2000000 2000016185 195000 120000
1 0 10000 100 2000000 2000016268 196000 121000
1 0 10000 100 2000000 2000016351 197000 122000
1 0 10000 100 2000000 2000016434 198000 123000
1 0 10000 100 2000000 2000016517 199000 124000
1 0 10000 100 2000000 2000016600 200000 125000
1 0 10000 100 2000000 2000016683 201000 126000
1 0 10000 100 2000000 2000016766 202000 127000
1 0 10000 100 2000000 2000016849 203000 128000
1 0 10000 100 2000000 2000016932 204000 129000
1 0 10000 100 2000000 2000017015 205000 130000
1 0 10000 100 2000000 2000017098 206000 131000
1 0 10000 100 2000000 2000017181 207000 132000
1 0 10000 100 2000000 2000017264 208000 133000
1 0 10000 100 2000000 2000017347 209000 134000
1 0 10000 100 2000000 2000017430 210000 135000
1 0 10000 100 2000000 2000017513 211000 136000
1 0 10000 100 2000000 2000017596 212000 137000
1 0 10000 100 2000000 2000017679 213000 138000
1 0 10000 100 2000000 2000017762 214000 139000
1 0 10000 100 2000000 2000017845 215000 140000
1 0 10000 100 2000000 2000017928 216000 141000
1 0 10000 100 2000000 2000018011 217000 142000
1 0 10000 100 2000000 2000018094 218000 143000
1 0 10000 100 2000000 2000018177 219000 144000
1 0 10000 100 2000000 2000018260 220000 145000
1 0 10000 100 2000000 2000018343 221000 146000
1 0 10000 100 2000000 2000018426 222000 147000
1 0 10000 100 2000000 2000018509 223000 148000
1 0 10000 100 2000000 2000018592 224000 149000
1 0 10000 100 2000000 2000018675 225000 150000
1 0 10000 100 2000000 2000018758 226000 151000
1 0 10000 100 2000000 2000018841 227000 152000
1 0 10000 100 2000000 2000018924 228000 153000
1 0 10000 100 2000000 2000019007 229000 154000
1 0 10000 100 2000000 2000019090 230000 155000
1 0 10000 100 2000000 2000019173 231000 156000
1 0 10000 100 2000000 2000019256 232000 157000
1 0 10000 100 2000000 2000019339 233000 158000
1 0 10000 100 2000000 2000019422 234000 159000
1 0 10000 100 2000000 2000019505 235000 160000
1 0 10000 100 2000000 2000019588 236000 161000
1 0 10000 100 2000000 2000019671 237000 162000
1 0 10000 100 2000000 2000019754 238000 163000
1 0 10000 100 2000000 2000019837 239000 164000
1 0 10000 100 2000000 2000019920 240000 165000
1 0 10000 100 2000000 2000020003 241000 166000
1 0 10000 100 2000000 2000020086 242000 167000
1 0 10000 100 2000000 2000020169 243000 168000
1 0 10000 100 2000000 2000020252 244000 169000
1 0 10000 100 2000000 2000020335 245000 170000
1 0 10000 100 2000000 2000020418 246000 171000
1 0 10000 100 2000000 2000020501 247000 172000
1 0 10000 100 2000000 2000020584 248000 173000
1 0 10000 100 2000000 2000020667 249000 174000
1 0 10000 100 2000000 2000020750 250000 175000
1 0 10000 100 2000000 2000020833 251000 176000
1 0 10000 100 2000000 2000020916 252000 177000
1 0 10000 100 2000000 2000020999 253000 178000
1 0 10000 100 2000000 2000021082 254000 179000
1 0 10000 100 2000000 2000021165 255000 180000
1 0 10000 100 2000000 2000021248 256000 181000
1 0 10000 100 2000000 2000021331 257000 182000
1 0 10000 100 2000000 2000021414 258000 183000
1 0 10000 100 2000000 2000021497 259000 184000
1 0 10000 100 2000000 2000021580 260000 185000
1 0 10000 100 2000000 2000021663 261000 186000
1 0 10000 100 2000000 2000021746 262000 187000
1 0 10000 100 2000000 2000021829 263000 188000
1 0 10000 100 2000000 2000021912 264000 189000
1 0 10000 100 2000000 2000021995 265000 190000
1 0 10000 100 2000000 2000022078 266000 191000
1 0 10000 100 2000000 2000022161 267000 192000
1 0 10000 100 2000000 2000022244 268000 193000
1 0 10000 100 2000000 2000022327 269000 194000
1 0 10000 100 2000000 2000022410 270000 195000
1 0 10000 100 2000000 2000022493 271000 196000
1 0 10000 100 2000000 2000022576 272000 197000
1 0 10000 100 2000000 2000022659 273000 198000
1 0 10000 100 2000000 2000022742 274000 199000
1 0 10000 100 2000000 2000022825 275000 200000
1 0 10000 100 2000000 2000022908 276000 201000
1 0 10000 100 2000000 2000022991 277000 202000
1 0 10000 100 2000000 2000023074 278000 203000
1 0 10000 100 2000000 2000023157 279000 204000
1 0 10000 100 2000000 2000023240 280000 205000
1 0 10000 100 2000000 2000023323 281000 206000
1 0 10000 100 2000000 2000023406 282000 207000
1 0 10000 100 2000000 2000023489 283000 208000
1 0 10000 100 2000000 2000023572 284000 209000
1 0 10000 100 2000000 2000023655 285000 210000
1 0 10000 100 2000000 2000023738 286000 211000
1 0 10000 100 2000000 2000023821 287000 212000
1 0 10000 100 2000000 2000023904 288000 213000
1 0 10000 100 2000000 2000023987 289000 214000
1 0 10000 100 2000000 2000024070 290000 215000
1 0 10000 100 2000000 2000024153 291000 216000
1 0 10000 100 2000000 2000024236 292000 217000
1 0 10000 100 2000000 2000024319 293000 218000
1 0 10000 100 2000000 2000024402 294000 219000
1 0 10000 100 2000000 2000024485 295000 220000
1 0 10000 100 2000000 2000024568 296000 221000
1 0 10000 100 2000000 2000024651 297000 222000
1 0 10000 100 2000000 2000024734 298000 223000
1 0 10000 100 2000000 2000024817 299000 224000
1 0 10000 100 2000000 2000024900 300000 225000
1 0 10000 100 2000000 2000024983 301000 226000
1 0 10000 100 2000000 2000025066 302000 227000
1 0 10000 100 2000000 2000025149 303000 228000
1 0 10000 100 2000000 2000025232 304000 229000
1 0 10000 100 2000000 2000025315 305000 230000
1 0 10000 100 2000000 2000025398 306000 231000
1 0 10000 100 2000000 2000025481 307000 232000
1 0 10000 100 2000000 2000025564 308000 233000
1 0 10000 100 2000000 2000025647 309000 234000
1 0 10000 100 2000000 2000025730 310000 235000
1 0 10000 100 2000000 2000025813 311000 236000
1 0 10000 100 2000000 2000025896 312000 237000
1 0 10000 100 2000000 2000025979 313000 238000
1 0 10000 100 2000000 2000026062 314000 239000
1 0 10000 100 2000000 2000026145 315000 240000
1 0 10000 100 2000000 2000026228 316000 241000
1 0 10000 100 2000000 2000026311 317000 242000
1 0 10000 100 2000000 2000026394 318000 243000
1 0 10000 100 2000000 2000026477 319000 244000
1 0 10000 100 2000000 2000026560 320000 245000
1 0 10000 100 2000000 2000026643 321000 246000
1 0 10000 100 2000000 2000026726 322000 247000
1 0 10000 100 2000000 2000026809 323000 248000
1 0 10000 100 2000000 2000026892 324000 249000
1 0 10000 100 2000000 2000026975 325000 250000
1 0 10000 100 2000000 2000027058 326000 251000
1 0 10000 100 2000000 2000027141 327000 252000
1 0 10000 100 2000000 2000027224 328000 253000
1 0 10000 100 2000000 2000027307 329000 254000
1 0 10000 100 2000000 2000027390 330000 255000
1 0 10000 100 2000000 2000027473 331000 256000
1 0 10000 100 2000000 2000027556 332000 257000
1 0 10000 100 2000000 2000027639 333000 258000
1 0 10000 100 2000000 2000027722 334000 259000
1 0 10000 100 2000000 2000027805 335000 260000
1 0 10000 100 2000000 2000027888 336000 261000
1 0 10000 100 2000000 2000027971 337000 262000
1 0 10000 100 2000000 2000028054 338000 263000
1 0 10000 100 2000000 2000028137 339000 264000
1 0 10000 100 2000000 2000028220 340000 265000
1 0 10000 100 2000000 2000028303 341000 266000
1 0 10000 100 2000000 2000028386 342000 267000
1 0 10000 100 2000000 2000028469 343000 268000
1 0 10000 100 2000000 2000028552 344000 269000
1 0 10000 100 2000000 2000028635 345000 270000
1 0 10000 100 2000000 2000028718 346000 271000
1 0 10000 100 2000000 2000028801 347000 272000
1 0 10000 100 2000000 2000028884 348000 273000
1 0 10000 100 2000000 2000028967 349000 274000
1 0 10000 100 2000000 2000029050 350000 275000
1 0 10000 100 2000000 2000029133 351000 276000
1 0 10000 100 2000000 2000029216 352000 277000
1 0 10000 100 2000000 2000029299 353000 278000
1 0 10000 100 2000000 2000029382 354000 279000
1 0 10000 100 2000000 2000029465 355000 280000
1 0 10000 100 2000000 2000029548 356000 281000
1 0 10000 100 2000000 2000029631 357000 282000
1 0 10000 100 2000000 2000029714 358000 283000
1 0 10000 100 2000000 2000029797 359000 284000
1 0 10000 100 2000000 2000029880 360000 285000
1 0 10000 100 2000000 2000029963 361000 286000
1 0 10000 100 2000000 2000030046 362000 287000
1 0 10000 100 2000000 2000030129 363000 288000
1 0 10000 100 2000000 2000030212 364000 289000
1 0 10000 100 2000000 2000030295 365000 290000
1 0 10000 100 2000000 2000030378 366000 291000
1 0 10000 100 2000000 2000030461 367000 292000
1 0 10000 100 2000000 2000030544 368000 293000
1 0 10000 100 2000000 2000030627 369000 294000
1 0 10000 100 2000000 2000030710 370000 295000
1 0 10000 100 2000000 2000030793 371000 296000
1 0 10000 100 2000000 2000030876 372000 297000
1 0 10000 100 2000000 2000030959 373000 298000
1 0 10000 100 2000000 2000031042 374000 299000
1 0 10000 100 2000000 2000031125 375000 300000
1 0 10000 100 2000000 2000031208 376000 301000
1 0 10000 100 2000000 2000031291 377000 302000
1 0 10000 100 2000000 2000031374 378000 303000
1 0 10000 100 2000000 2000031457 379000 304000
1 0 10000 100 2000000 2000031540 380000 305000
1 0 10000 100 2000000 2000031623 381000 306000
1 0 10000 100 2000000 2000031706 382000 307000
1 0 10000 100 2000000 2000031789 383000 308000
1 0 10000 100 2000000 2000031872 384000 309000
1 0 10000 100 2000000 2000031955 385000 310000
1 0 10000 100 2000000 2000032038 386000 311000
1 0 10000 100 2000000 2000032121 387000 312000
1 0 10000 100 2000000 2000032204 388000 313000
1 0 10000 100 2000000 2000032287 389000 314000
1 0 10000 100 2000000 2000032370 390000 315000
1 0 10000 100 2000000 2000032453 391000 316000
1 0 10000 100 2000000 2000032536 392000 317000
1 0 10000 100 2000000 2000032619 393000 318000
1 0 10000 100 2000000 2000032702 394000 319000
1 0 10000 100 2000000 2000032785 395000 320000
1 0 10000 100 2000000 2000032868 396000 321000
1 0 10000 100 2000000 2000032951 397000 322000
1 0 10000 100 2000000 2000033034 398000 323000
1 0 10000 100 2000000 2000033117 399000 324000
1 0 10000 100 2000000 2000033200 400000 325000
1 0 10000 100 2000000 2000033283 401000 326000
1 0 10000 100 2000000 2000033366 402000 327000
1 0 10000 100 2000000 2000033449 403000 328000
1 0 10000 100 2000000 2000033532 404000 329000
1 0 10000 100 2000000 2000033615 405000 330000
1 0 10000 100 2000000 2000033698 406000 331000
1 0 10000 100 2000000 2000033781 407000 332000
1 0 10000 100 2000000 2000033864 408000 333000
1 0 10000 100 2000000 2000033947 409000 334000
1 0 10000 100 2000000 2000034030 410000 335000
1 0 10000 100 2000000 2000034113 411000 336000
1 0 10000 100 2000000 2000034196 412000 337000
1 0 10000 100 2000000 2000034279 413000 338000
1 0 10000 100 2000000 2000034362 414000 339000
1 0 10000 100 2000000 2000034445 415000 340000
1 0 10000 100 2000000 2000034528 416000 341000
1 0 10000 100 2000000 2000034611 417000 342000
1 0 10000 100 2000000 2000034694 418000 343000
1 0 10000 100 2000000 2000034777 419000 344000
1 0 10000 100 2000000 2000034860 420000 345000
1 0 10000 100 2000000 2000034943 421000 346000
1 0 10000 100 2000000 2000035026 422000 347000
1 0 10000 100 2000000 2000035109 423000 348000
1 0 10000 100 2000000 2000035192 424000 349000
1 0 10000 100 2000000 2000035275 425000 350000
1 0 10000 100 2000000 2000035358 426000 351000
1 0 10000 100 2000000 2000035441 427000 352000
1 0 10000 100 2000000 2000035524 428000 353000
1 0 10000 100 2000000 2000035607 429000 354000
1 0 10000 100 2000000 2000035690 430000 355000
1 0 10000 100 2000000 2000035773 431000 356000
1 0 10000 100 2000000 2000035856 432000 357000
1 0 10000 100 2000000 2000035939 433000 358000
1 0 10000 100 2000000 2000036022 434000 359000
1 0 10000 100 2000000 2000036105 435000 360000
1 0 10000 100 2000000 2000036188 436000 361000
1 0 10000 100 2000000 2000036271 437000 362000
1 0 10000 100 2000000 2000036354 438000 363000
1 0 10000 100 2000000 2000036437 439000 364000
1 0 10000 100 2000000 2000036520 440000 365000
1 0 10000 100 2000000 2000036603 441000 366000
1 0 10000 100 2000000 2000036686 442000 367000
1 0 10000 100 2000000 2000036769 443000 368000
1 0 10000 100 2000000 2000036852 444000 369000
1 0 10000 100 2000000 2000036935 445000 370000
1 0 10000 100 2000000 2000037018 446000 371000
1 0 10000 100 2000000 2000037101 447000 372000
1 0 10000 100 2000000 2000037184 448000 373000
1 0 10000 100 2000000 2000037267 449000 374000
1 0 10000 100 2000000 2000037350 450000 375000
1 0 10000 100 2000000 2000037433 451000 376000
1 0 10000 100 2000000 2000037516 452000 377000
1 0 10000 100 2000000 2000037599 453000 378000
1 0 10000 100 2000000 2000037682 454000 379000
1 0 10000 100 2000000 2000037765 455000 380000
1 0 10000 100 2000000 2000037848 456000 381000
1 0 10000 100 2000000 2000037931 457000 382000
1 0 10000 100 2000000 2000038014 458000 383000
1 0 10000 100 2000000 2000038097 459000 384000
1 0 10000 100 2000000 2000038180 460000 385000
1 0 10000 100 2000000 2000038263 461000 386000
1 0 10000 100 2000000 2000038346 462000 387000
1 0 10000 100 2000000 2000038429 463000 388000
1 0 10000 100 2000000 2000038512 464000 389000
1 0 10000 100 2000000 2000038595 465000 390000
1 0 10000 100 2000000 2000038678 466000 391000
1 0 10000 100 2000000 2000038761 467000 392000
1 0 10000 100 2000000 2000038844 468000 393000
1 0 10000 100 2000000 2000038927 469000 394000
1 0 10000 100 2000000 2000039010 470000 395000
1 0 10000 100 2000000 2000039093 471000 396000
1 0 10000 100 2000000 2000039176 472000 397000
1 0 10000 100 2000000 2000039259 473000 398000
1 0 10000 100 2000000 2000039342 474000 399000
1 0 10000 100 2000000 2000039425 475000 400000
1 0 10000 100 2000000 2000039508 476000 401000
1 0 10000 100 2000000 2000039591 477000 402000
1 0 10000 100 2000000 2000039674 478000 403000
1 0 10000 100 2000000 2000039757 479000 404000
1 0 10000 100 2000000 2000039840 480000 405000
1 0 10000 100 2000000 2000039923 481000 406000
1 0 10000 100 2000000 2000040006 482000 407000
1 0 10000 100 2000000 2000040089 483000 408000
1 0 10000 100 2000000 2000040172 484000 409000
1 0 10000 100 2000000 2000040255 485000 410000
1 0 10000 100 2000000 2000040338 486000 411000
1 0 10000 100 2000000 2000040421 487000 412000
1 0 10000 100 2000000 2000040504 488000 413000
1 0 10000 100 2000000 2000040587 489000 414000
1 0 10000 100 2000000 2000040670 490000 415000
1 0 10000 100 2000000 2000040753 491000 416000
1 0 10000 100 2000000 2000040836 492000 417000
1 0 10000 100 2000000 2000040919 493000 418000
1 0 10000 100 2000000 2000041002 494000 419000
1 0 10000 100 2000000 2000041085 495000 420000
1 0 10000 100 2000000 2000041168 496000 421000
1 0 10000 100 2000000 2000041251 497000 422000
1 0 10000 100 2000000 2000041334 498000 423000
1 0 10000 100 2000000 2000041417 499000 424000
1 0 10000 100 2000000 2000041500 500000 425000
1 0 10000 100 2000000 2000041583 501000 426000
1 0 10000 100 2000000 2000041666 502000 427000
1 0 10000 100 2000000 2000041749 503000 428000
1 0 10000 100 2000000 2000041832 504000 429000
1 0 10000 100 2000000 2000041915 505000 430000
1 0 10000 100 2000000 2000041998 506000 431000
1 0 10000 100 2000000 2000042081 507000 432000
1 0 10000 100 2000000 2000042164 508000 433000
1 0 10000 100 2000000 2000042247 509000 434000
1 0 10000 100 2000000 2000042330 510000 435000
1 0 10000 100 2000000 2000042413 511000 436000
1 0 10000 100 2000000 2000042496 512000 437000
1 0 10000 100 2000000 2000042579 513000 438000
1 0 10000 100 2000000 2000042662 514000 439000
1 0 10000 100 2000000 2000042745 515000 440000
1 0 10000 100 2000000 2000042828 516000 441000
1 0 10000 100 2000000 2000042911 517000 442000
1 0 10000 100 2000000 2000042994 518000 443000
1 0 10000 100 2000000 2000043077 519000 444000
1 0 10000 100 2000000 2000043160 520000 445000
1 0 10000 100 2000000 2000043243 521000 446000
1 0 10000 100 2000000 2000043326 522000 447000
1 0 10000 100 2000000 2000043409 523000 448000
1 0 10000 100 2000000 2000043492 524000 449000
1 0 10000 100 2000000 2000043575 525000 450000
1 0 10000 100 2000000 2000043658 526000 451000
1 0 10000 100 2000000 2000043741 527000 452000
1 0 10000 100 2000000 2000043824 528000 453000
1 0 10000 100 2000000 2000043907 529000 454000
1 0 10000 100 2000000 2000043990 530000 455000
1 0 10000 100 2000000 2000044073 531000 456000
1 0 10000 100 2000000 2000044156 532000 457000
1 0 10000 100 2000000 2000044239 533000 458000
1 0 10000 100 2000000 2000044322 534000 459000
1 0 10000 100 2000000 2000044405 535000 460000
1 0 10000 100 2000000 2000044488 536000 461000
1 0 10000 100 2000000 2000044571 537000 462000
1 0 10000 100 2000000 2000044654 538000 463000
1 0 10000 100 2000000 2000044737 539000 464000
1 0 10000 100 2000000 2000044820 540000 465000
1 0 10000 100 2000000 2000044903 541000 466000
1 0 10000 100 2000000 2000044986 542000 467000
1 0 10000 100 2000000 2000045069 543000 468000
1 0 10000 100 2000000 2000045152 544000 469000
1 0 10000 100 2000000 2000045235 545000 470000
1 0 10000 100 2000000 2000045318 546000 471000
1 0 10000 100 2000000 2000045401 547000 472000
1 0 10000 100 2000000 2000045484 548000 473000
1 0 10000 100 2000000 2000045567 549000 474000
1 0 10000 100 2000000 2000045650 550000 475000
1 0 10000 100 2000000 2000045733 551000 476000
1 0 10000 100 2000000 2000045816 552000 477000
1 0 10000 100 2000000 2000045899 553000 478000
1 0 10000 100 2000000 2000045982 554000 479000
1 0 10000 100 2000000 2000046065 555000 480000
1 0 10000 100 2000000 2000046148 556000 481000
1 0 10000 100 2000000 2000046231 557000 482000
1 0 10000 100 2000000 2000046314 558000 483000
1 0 10000 100 2000000 2000046397 559000 484000
1 0 10000 100 2000000 2000046480 560000 485000
1 0 10000 100 2000000 2000046563 561000 486000
1 0 10000 100 2000000 2000046646 562000 487000
1 0 10000 100 2000000 2000046729 563000 488000
1 0 10000 100 2000000 2000046812 564000 489000
1 0 10000 100 2000000 2000046895 565000 490000
1 0 10000 100 2000000 2000046978 566000 491000
1 0 10000 100 2000000 2000047061 567000 492000
1 0 10000 100 2000000 2000047144 568000 493000
1 0 10000 100 2000000 2000047227 569000 494000
1 0 10000 100 2000000 2000047310 570000 495000
1 0 10000 100 2000000 2000047393 571000 496000
1 0 10000 100 2000000 2000047476 572000 497000
1 0 10000 100 2000000 2000047559 573000 498000
1 0 10000 100 2000000 2000047642 574000 499000
1 0 10000 100 2000000 2000047725 575000 500000
1 0 10000 100 2000000 2000047808 576000 501000
1 0 10000 100 2000000 2000047891 577000 502000
1 0 10000 100 2000000 2000047974 578000 503000
1 0 10000 100 2000000 2000048057 579000 504000
1 0 10000 100 2000000 2000048140 580000 505000
1 0 10000 100 2000000 2000048223 581000 506000
1 0 10000 100 2000000 2000048306 582000 507000
1 0 10000 100 2000000 2000048389 583000 508000
1 0 10000 100 2000000 2000048472 584000 509000
1 0 10000 100 2000000 2000048555 585000 510000
1 0 10000 100 2000000 2000048638 586000 511000
1 0 10000 100 2000000 2000048721 587000 512000
1 0 10000 100 2000000 2000048804 588000 513000
1 0 10000 100 2000000 2000048887 589000 514000
1 0 10000 100 2000000 2000048970 590000 515000
1 0 10000 100 2000000 2000049053 591000 516000
1 0 10000 100 2000000 2000049136 592000 517000
1 0 10000 100 2000000 2000049219 593000 518000
1 0 10000 100 2000000 2000049302 594000 519000
1 0 10000 100 2000000 2000049385 595000 520000
1 0 10000 100 2000000 2000049468 596000 521000
1 0 10000 100 2000000 2000049551 597000 522000
1 0 10000 100 2000000 2000049634 598000 523000
1 0 10000 100 2000000 2000049717 599000 524000
1 0 10000 100 2000000 2000049800 600000 525000
1 0 10000 100 2000000 2000049883 601000 526000
1 0 10000 100 2000000 2000049966 602000 527000
1 0 10000 100 2000000 2000050049 603000 528000
1 0 10000 100 2000000 2000050132 604000 529000
1 0 10000 100 2000000 2000050215 605000 530000
1 0 10000 100 2000000 2000050298 606000 531000
1 0 10000 100 2000000 2000050381 607000 532000
1 0 10000 100 2000000 2000050464 608000 533000
1 0 10000 100 2000000 2000050547 609000 534000
1 0 10000 100 2000000 2000050630 610000 535000
1 0 10000 100 2000000 2000050713 611000 536000
1 0 10000 100 2000000 2000050796 612000 537000
1 0 10000 100 2000000 2000050879 613000 538000
1 0 10000 100 2000000 2000050962 614000 539000
1 0 10000 100 2000000 2000051045 615000 540000
1 0 10000 100 2000000 2000051128 616000 541000
1 0 10000 100 2000000 2000051211 617000 542000
1 0 10000 100 2000000 2000051294 618000 543000
1 0 10000 100 2000000 2000051377 619000 544000
1 0 10000 100 2000000 2000051460 620000 545000
1 0 10000 100 2000000 2000051543 621000 546000
1 0 10000 100 2000000 2000051626 622000 547000
1 0 10000 100 2000000 2000051709 623000 548000
1 0 10000 100 2000000 2000051792 624000 549000
1 0 10000 100 2000000 2000051875 625000 550000
1 0 10000 100 2000000 2000051958 626000 551000
1 0 10000 100 2000000 2000052041 627000 552000
1 0 10000 100 2000000 2000052124 628000 553000
1 0 10000 100 2000000 2000052207 629000 554000
1 0 10000 100 2000000 2000052290 630000 555000
1 0 10000 100 2000000 2000052373 631000 556000
1 0 10000 100 2000000 2000052456 632000 557000
1 0 10000 100 2000000 2000052539 633000 558000
1 0 10000 100 2000000 2000052622 634000 559000
1 0 10000 100 2000000 2000052705 635000 560000
1 0 10000 100 2000000 2000052788 636000 561000
1 0 10000 100 2000000 2000052871 637000 562000
1 0 10000 100 2000000 2000052954 638000 563000
1 0 10000 100 2000000 2000053037 639000 564000
1 0 10000 100 2000000 2000053120 640000 565000
1 0 10000 100 2000000 2000053203 641000 566000
1 0 10000 100 2000000 2000053286 642000 567000
1 0 10000 100 2000000 2000053369 643000 568000
1 0 10000 100 2000000 2000053452 644000 569000
1 0 10000 100 2000000 2000053535 645000 570000
1 0 10000 100 2000000 2000053618 646000 571000
1 0 10000 100 2000000 2000053701 647000 572000
1 0 10000 100 2000000 2000053784 648000 573000
1 0 10000 100 2000000 2000053867 649000 574000
1 0 10000 100 2000000 2000053950 650000 575000
1 0 10000 100 2000000 2000054033 651000 576000
1 0 10000 100 2000000 2000054116 652000 577000
1 0 10000 100 2000000 2000054199 653000 578000
1 0 10000 100 2000000 2000054282 654000 579000
1 0 10000 100 2000000 2000054365 655000 580000
1 0 10000 100 2000000 2000054448 656000 581000
1 0 10000 100 2000000 2000054531 657000 582000
1 0 10000 100 2000000 2000054614 658000 583000
1 0 10000 100 2000000 2000054697 659000 584000
1 0 10000 100 2000000 2000054780 660000 585000
1 0 10000 100 2000000 2000054863 661000 586000
1 0 10000 100 2000000 2000054946 662000 587000
1 0 10000 100 2000000 2000055029 663000 588000
1 0 10000 100 2000000 2000055112 664000 589000
1 0 10000 100 2000000 2000055195 665000 590000
1 0 10000 100 2000000 2000055278 666000 591000
1 0 10000 100 2000000 2000055361 667000 592000
1 0 10000 100 2000000 2000055444 668000 593000
1 0 10000 100 2000000 2000055527 669000 594000
1 0 10000 100 2000000 2000055610 670000 595000
1 0 10000 100 2000000 2000055693 671000 596000
1 0 10000 100 2000000 2000055776 672000 597000
1 0 10000 100 2000000 2000055859 673000 598000
1 0 10000 100 2000000 2000055942 674000 599000
1 0 10000 100 2000000 2000056025 675000 600000
1 0 10000 100 2000000 2000056108 676000 601000
1 0 10000 100 2000000 2000056191 677000 602000
1 0 10000 100 2000000 2000056274 678000 603000
1 0 10000 100 2000000 2000056357 679000 604000
1 0 10000 100 2000000 2000056440 680000 605000
1 0 10000 100 2000000 2000056523 681000 606000
1 0 10000 100 2000000 2000056606 682000 607000
1 0 10000 100 2000000 2000056689 683000 608000
1 0 10000 100 2000000 2000056772 684000 609000
1 0 10000 100 2000000 2000056855 685000 610000
1 0 10000 100 2000000 2000056938 686000 611000
1 0 10000 100 2000000 2000057021 687000 612000
1 0 10000 100 2000000 2000057104 688000 613000
1 0 10000 100 2000000 2000057187 689000 614000
1 0 10000 100 2000000 2000057270 690000 615000
1 0 10000 100 2000000 2000057353 691000 616000
1 0 10000 100 2000000 2000057436 692000 617000
1 0 10000 100 2000000 2000057519 693000 618000
1 0 10000 100 2000000 2000057602 694000 619000
1 0 10000 100 2000000 2000057685 695000 620000
1 0 10000 100 2000000 2000057768 696000 621000
1 0 10000 100 2000000 2000057851 697000 622000
1 0 10000 100 2000000 2000057934 698000 623000
1 0 10000 100 2000000 2000058017 699000 624000
1 0 10000 100 2000000 2000058100 700000 625000
1 0 10000 100 2000000 2000058183 701000 626000
1 0 10000 100 2000000 2000058266 702000 627000
1 0 10000 100 2000000 2000058349 703000 628000
1 0 10000 100 2000000 2000058432 704000 629000
1 0 10000 100 2000000 2000058515 705000 630000
1 0 10000 100 2000000 2000058598 706000 631000
1 0 10000 100 2000000 2000058681 707000 632000
1 0 10000 100 2000000 2000058764 708000 633000
1 0 10000 100 2000000 2000058847 709000 634000
1 0 10000 100 2000000 2000058930 710000 635000
1 0 10000 100 2000000 2000059013 711000 636000
1 0 10000 100 2000000 2000059096 712000 637000
1 0 10000 100 2000000 2000059179 713000 638000
1 0 10000 100 2000000 2000059262 714000 639000
1 0 10000 100 2000000 2000059345 715000 640000
1 0 10000 100 2000000 2000059428 716000 641000
1 0 10000 100 2000000 2000059511 717000 642000
1 0 10000 100 2000000 2000059594 718000 643000
1 0 10000 100 2000000 2000059677 719000 644000
1 0 10000 100 2000000 2000059760 720000 645000
1 0 10000 100 2000000 2000059843 721000 646000
1 0 10000 100 2000000 2000059926 722000 647000
1 0 10000 100 2000000 2000060009 723000 648000
1 0 10000 100 2000000 2000060092 724000 649000
1 0 10000 100 2000000 2000060175 725000 650000
1 0 10000 100 2000000 2000060258 726000 651000
1 0 10000 100 2000000 2000060341 727000 652000
1 0 10000 100 2000000 2000060424 728000 653000
1 0 10000 100 2000000 2000060507 729000 654000
1 0 10000 100 2000000 2000060590 730000 655000
1 0 10000 100 2000000 2000060673 731000 656000
1 0 10000 100 2000000 2000060756 732000 657000
1 0 10000 100 2000000 2000060839 733000 658000
1 0 10000 100 2000000 2000060922 734000 659000
1 0 10000 100 2000000 2000061005 735000 660000
1 0 10000 100 2000000 2000061088 736000 661000
1 0 10000 100 2000000 2000061171 737000 662000
1 0 10000 100 2000000 2000061254 738000 663000
1 0 10000 100 2000000 2000061337 739000 664000
1 0 10000 100 2000000 2000061420 740000 665000
1 0 10000 100 2000000 2000061503 741000 666000
1 0 10000 100 2000000 2000061586 742000 667000
1 0 10000 100 2000000 2000061669 743000 668000
1 0 10000 100 2000000 2000061752 744000 669000
1 0 10000 100 2000000 2000061835 745000 670000
1 0 10000 100 2000000 2000061918 746000 671000
1 0 10000 100 2000000 2000062001 747000 672000
1 0 10000 100 2000000 2000062084 748000 673000
1 0 10000 100 2000000 2000062167 749000 674000
1 0 10000 100 2000000 2000062250 750000 675000
1 0 10000 100 2000000 2000062333 751000 676000
1 0 10000 100 2000000 2000062416 752000 677000
1 0 10000 100 2000000 2000062499 753000 678000
1 0 10000 100 2000000 2000062582 754000 679000
1 0 10000 100 2000000 2000062665 755000 680000
1 0 10000 100 2000000 2000062748 756000 681000
1 0 10000 100 2000000 2000062831 757000 682000
1 0 10000 100 2000000 2000062914 758000 683000
1 0 10000 100 2000000 2000062997 759000 684000
1 0 10000 100 2000000 2000063080 760000 685000
1 0 10000 100 2000000 2000063163 761000 686000
1 0 10000 100 2000000 2000063246 762000 687000
1 0 10000 100 2000000 2000063329 763000 688000
1 0 10000 100 2000000 2000063412 764000 689000
1 0 10000 100 2000000 2000063495 765000 690000
1 0 10000 100 2000000 2000063578 766000 691000
1 0 10000 100 2000000 2000063661 767000 692000
1 0 10000 100 2000000 2000063744 768000 693000
1 0 10000 100 2000000 2000063827 769000 694000
1 0 10000 100 2000000 2000063910 770000 695000
1 0 10000 100 2000000 2000063993 771000 696000
1 0 10000 100 2000000 2000064076 772000 697000
1 0 10000 100 2000000 2000064159 773000 698000
1 0 10000 100 2000000 2000064242 774000 699000
1 0 10000 100 2000000 2000064325 775000 700000
1 0 10000 100 2000000 2000064408 776000 701000
1 0 10000 100 2000000 2000064491 777000 702000
1 0 10000 100 2000000 2000064574 778000 703000
1 0 10000 100 2000000 2000064657 779000 704000
1 0 10000 100 2000000 2000064740 780000 705000
1 0 10000 100 2000000 2000064823 781000 706000
1 0 10000 100 2000000 2000064906 782000 707000
1 0 10000 100 2000000 2000064989 783000 708000
1 0 10000 100 2000000 2000065072 784000 709000
1 0 10000 100 2000000 2000065155 785000 710000
1 0 10000 100 2000000 2000065238 786000 711000
1 0 10000 100 2000000 2000065321 787000 712000
1 0 10000 100 2000000 2000065404 788000 713000
1 0 10000 100 2000000 2000065487 789000 714000
1 0 10000 100 2000000 2000065570 790000 715000
1 0 10000 100 2000000 2000065653 791000 716000
1 0 10000 100 2000000 2000065736 792000 717000
1 0 10000 100 2000000 2000065819 793000 718000
1 0 10000 100 2000000 2000065902 794000 719000
1 0 10000 100 2000000 2000065985 795000 720000
1 0 10000 100 2000000 2000066068 796000 721000
1 0 10000 100 2000000 2000066151 797000 722000
1 0 10000 100 2000000 2000066234 798000 723000
1 0 10000 100 2000000 2000066317 799000 724000
1 0 10000 100 2000000 2000066400 800000 725000
1 0 10000 100 2000000 2000066483 801000 726000
1 0 10000 100 2000000 2000066566 802000 727000
1 0 10000 100 2000000 2000066649 803000 728000
1 0 10000 100 2000000 2000066732 804000 729000
1 0 10000 100 2000000 2000066815 805000 730000
1 0 10000 100 2000000 2000066898 806000 731000
1 0 10000 100 2000000 2000066981 807000 732000
1 0 10000 100 2000000 2000067064 808000 733000
1 0 10000 100 2000000 2000067147 809000 734000
1 0 10000 100 2000000 2000067230 810000 735000
1 0 10000 100 2000000 2000067313 811000 736000
1 0 10000 100 2000000 2000067396 812000 737000
1 0 10000 100 2000000 2000067479 813000 738000
1 0 10000 100 2000000 2000067562 814000 739000
1 0 10000 100 2000000 2000067645 815000 740000
1 0 10000 100 2000000 2000067728 816000 741000
1 0 10000 100 2000000 2000067811 817000 742000
1 0 10000 100 2000000 2000067894 818000 743000
1 0 10000 100 2000000 2000067977 819000 744000
1 0 10000 100 2000000 2000068060 820000 745000
1 0 10000 100 2000000 2000068143 821000 746000
1 0 10000 100 2000000 2000068226 822000 747000
1 0 10000 100 2000000 2000068309 823000 748000
1 0 10000 100 2000000 2000068392 824000 749000
1 0 10000 100 2000000 2000068475 825000 750000
1 0 10000 100 2000000 2000068558 826000 751000
1 0 10000 100 2000000 2000068641 827000 752000
1 0 10000 100 2000000 2000068724 828000 753000
1 0 10000 100 2000000 2000068807 829000 754000
1 0 10000 100 2000000 2000068890 830000 755000
1 0 10000 100 2000000 2000068973 831000 756000
1 0 10000 100 2000000 2000069056 832000 757000
1 0 10000 100 2000000 2000069139 833000 758000
1 0 10000 100 2000000 2000069222 834000 759000
1 0 10000 100 2000000 2000069305 835000 760000
1 0 10000 100 2000000 2000069388 836000 761000
1 0 10000 100 2000000 2000069471 837000 762000
1 0 10000 100 2000000 2000069554 838000 763000
1 0 10000 100 2000000 2000069637 839000 764000
1 0 10000 100 2000000 2000069720 840000 765000
1 0 10000 100 2000000 2000069803 841000 766000
1 0 10000 100 2000000 2000069886 842000 767000
1 0 10000 100 2000000 2000069969 843000 768000
1 0 10000 100 2000000 2000070052 844000 769000
1 0 10000 100 2000000 2000070135 845000 770000
1 0 10000 100 2000000 2000070218 846000 771000
1 0 10000 100 2000000 2000070301 847000 772000
1 0 10000 100 2000000 2000070384 848000 773000
1 0 10000 100 2000000 2000070467 849000 774000
1 0 10000 100 2000000 2000070550 850000 775000
1 0 10000 100 2000000 2000070633 851000 776000
1 0 10000 100 2000000 2000070716 852000 777000
1 0 10000 100 2000000 2000070799 853000 778000
1 0 10000 100 2000000 2000070882 854000 779000
1 0 10000 100 2000000 2000070965 855000 780000
1 0 10000 100 2000000 2000071048 856000 781000
1 0 10000 100 2000000 2000071131 857000 782000
1 0 10000 100 2000000 2000071214 858000 783000
1 0 10000 100 2000000 2000071297 859000 784000
1 0 10000 100 2000000 2000071380 860000 785000
1 0 10000 100 2000000 2000071463 861000 786000
1 0 10000 100 2000000 2000071546 862000 787000
1 0 10000 100 2000000 2000071629 863000 788000
1 0 10000 100 2000000 2000071712 864000 789000
1 0 10000 100 2000000 2000071795 865000 790000
1 0 10000 100 2000000 2000071878 866000 791000
1 0 10000 100 2000000 2000071961 867000 792000
1 0 10000 100 2000000 2000072044 868000 793000
1 0 10000 100 2000000 2000072127 869000 794000
1 0 10000 100 2000000 2000072210 870000 795000
1 0 10000 100 2000000 2000072293 871000 796000
1 0 10000 100 2000000 2000072376 872000 797000
1 0 10000 100 2000000 2000072459 873000 798000
1 0 10000 100 2000000 2000072542 874000 799000
1 0 10000 100 2000000 2000072625 875000 800000
1 0 10000 100 2000000 2000072708 876000 801000
1 0 10000 100 2000000 2000072791 877000 802000
1 0 10000 100 2000000 2000072874 878000 803000
1 0 10000 100 2000000 2000072957 879000 804000
1 0 10000 100 2000000 2000073040 880000 805000
1 0 10000 100 2000000 2000073123 881000 806000
1 0 10000 100 2000000 2000073206 882000 807000
1 0 10000 100 2000000 2000073289 883000 808000
1 0 10000 100 2000000 2000073372 884000 809000
1 0 10000 100 2000000 2000073455 885000 810000
1 0 10000 100 2000000 2000073538 886000 811000
1 0 10000 100 2000000 2000073621 887000 812000
1 0 10000 100 2000000 2000073704 888000 813000
1 0 10000 100 2000000 2000073787 889000 814000
1 0 10000 100 2000000 2000073870 890000 815000
1 0 10000 100 2000000 2000073953 891000 816000
1 0 10000 100 2000000 2000074036 892000 817000
1 0 10000 100 2000000 2000074119 893000 818000
1 0 10000 100 2000000 2000074202 894000 819000
1 0 10000 100 2000000 2000074285 895000 820000
1 0 10000 100 2000000 2000074368 896000 821000
1 0 10000 100 2000000 2000074451 897000 822000
1 0 10000 100 2000000 2000074534 898000 823000
1 0 10000 100 2000000 2000074617 899000 824000
1 0 10000 100 2000000 2000074700 900000 825000
1 0 10000 100 2000000 2000074783 901000 826000
1 0 10000 100 2000000 2000074866 902000 827000
1 0 10000 100 2000000 2000074949 903000 828000
1 0 10000 100 2000000 2000075032 904000 829000
1 0 10000 100 2000000 2000075115 905000 830000
1 0 10000 100 2000000 2000075198 906000 831000
1 0 10000 100 2000000 2000075281 907000 832000
1 0 10000 100 2000000 2000075364 908000 833000
1 0 10000 100 2000000 2000075447 909000 834000
1 0 10000 100 2000000 2000075530 910000 835000
1 0 10000 100 2000000 2000075613 911000 836000
1 0 10000 100 2000000 2000075696 912000 837000
1 0 10000 100 2000000 2000075779 913000 838000
1 0 10000 100 2000000 2000075862 914000 839000
1 0 10000 100 2000000 2000075945 915000 840000
1 0 10000 100 2000000 2000076028 916000 841000
1 0 10000 100 2000000 2000076111 917000 842000
1 0 10000 100 2000000 2000076194 918000 843000
1 0 10000 100 2000000 2000076277 919000 844000
1 0 10000 100 2000000 2000076360 920000 845000
1 0 10000 100 2000000 2000076443 921000 846000
1 0 10000 100 2000000 2000076526 922000 847000
1 0 10000 100 2000000 2000076609 923000 848000
1 0 10000 100 2000000 2000076692 924000 849000
1 0 10000 100 2000000 2000076775 925000 850000
1 0 10000 100 2000000 2000076858 926000 851000
1 0 10000 100 2000000 2000076941 927000 852000
1 0 10000 100 2000000 2000077024 928000 853000
1 0 10000 100 2000000 2000077107 929000 854000
1 0 10000 100 2000000 2000077190 930000 855000
1 0 10000 100 2000000 2000077273 931000 856000
1 0 10000 100 2000000 2000077356 932000 857000
1 0 10000 100 2000000 2000077439 933000 858000
1 0 10000 100 2000000 2000077522 934000 859000
1 0 10000 100 2000000 2000077605 935000 860000
1 0 10000 100 2000000 2000077688 936000 861000
1 0 10000 100 2000000 2000077771 937000 862000
1 0 10000 100 2000000 2000077854 938000 863000
1 0 10000 100 2000000 2000077937 939000 864000
1 0 10000 100 2000000 2000078020 940000 865000
1 0 10000 100 2000000 2000078103 941000 866000
1 0 10000 100 2000000 2000078186 942000 867000
1 0 10000 100 2000000 2000078269 943000 868000
1 0 10000 100 2000000 2000078352 944000 869000
1 0 10000 100 2000000 2000078435 945000 870000
1 0 10000 100 2000000 2000078518 946000 871000
1 0 10000 100 2000000 2000078601 947000 872000
1 0 10000 100 2000000 2000078684 948000 873000
1 0 10000 100 2000000 2000078767 949000 874000
1 0 10000 100 2000000 2000078850 950000 875000
1 0 10000 100 2000000 2000078933 951000 876000
1 0 10000 100 2000000 2000079016 952000 877000
1 0 10000 100 2000000 2000079099 953000 878000
1 0 10000 100 2000000 2000079182 954000 879000
1 0 10000 100 2000000 2000079265 955000 880000
1 0 10000 100 2000000 2000079348 956000 881000
1 0 10000 100 2000000 2000079431 957000 882000
1 0 10000 100 2000000 2000079514 958000 883000
1 0 10000 100 2000000 2000079597 959000 884000
1 0 10000 100 2000000 2000079680 960000 885000
1 0 10000 100 2000000 2000079763 961000 886000
1 0 10000 100 2000000 2000079846 962000 887000
1 0 10000 100 2000000 2000079929 963000 888000
1 0 10000 100 2000000 2000080012 964000 889000
1 0 10000 100 2000000 2000080095 965000 890000
1 0 10000 100 2000000 2000080178 966000 891000
1 0 10000 100 2000000 2000080261 967000 892000
1 0 10000 100 2000000 2000080344 968000 893000
1 0 10000 100 2000000 2000080427 969000 894000
1 0 10000 100 2000000 2000080510 970000 895000
1 0 10000 100 2000000 2000080593 971000 896000
1 0 10000 100 2000000 2000080676 972000 897000
1 0 10000 100 2000000 2000080759 973000 898000
1 0 10000 100 2000000 2000080842 974000 899000
1 0 10000 100 2000000 2000080925 975000 900000
1 0 10000 100 2000000 2000081008 976000 901000
1 0 10000 100 2000000 2000081091 977000 902000
1 0 10000 100 2000000 2000081174 978000 903000
1 0 10000 100 2000000 2000081257 979000 904000
1 0 10000 100 2000000 2000081340 980000 905000
1 0 10000 100 2000000 2000081423 981000 906000
1 0 10000 100 2000000 2000081506 982000 907000
1 0 10000 100 2000000 2000081589 983000 908000
1 0 10000 100 2000000 2000081672 984000 909000
1 0 10000 100 2000000 2000081755 985000 910000
1 0 10000 100 2000000 2000081838 986000 911000
1 0 10000 100 2000000 2000081921 987000 912000
1 0 10000 100 2000000 2000082004 988000 913000
1 0 10000 100 2000000 2000082087 989000 914000
1 0 10000 100 2000000 2000082170 990000 915000
1 0 10000 100 2000000 2000082253 991000 916000
1 0 10000 100 2000000 2000082336 992000 917000
1 0 10000 100 2000000 2000082419 993000 918000
1 0 10000 100 2000000 2000082502 994000 919000
1 0 10000 100 2000000 2000082585 995000 920000
1 0 10000 100 2000000 2000082668 996000 921000
1 0 10000 100 2000000 2000082751 997000 922000
1 0 10000 100 2000000 2000082834 998000 923000
1 0 10000 100 2000000 2000082917 999000 924000
1 0 10000 100 2000000 2000083000 1000000 925000
1 0 10000 100 2000000 2000083083 1001000 926000
1 0 10000 100 2000000 2000083166 1002000 927000
1 0 10000 100 2000000 2000083249 1003000 928000
1 0 10000 100 2000000 2000083332 1004000 929000
1 0 10000 100 2000000 2000083415 1005000 930000
1 0 10000 100 2000000 2000083498 1006000 931000
1 0 10000 100 2000000 2000083581 1007000 932000
1 0 10000 100 2000000 2000083664 1008000 933000
1 0 10000 100 2000000 2000083747 1009000 934000
1 0 10000 100 2000000 2000083830 1010000 935000
1 0 10000 100 2000000 2000083913 1011000 936000
1 0 10000 100 2000000 2000083996 1012000 937000
1 0 10000 100 2000000 2000084079 1013000 938000
1 0 10000 100 2000000 2000084162 1014000 939000
1 0 10000 100 2000000 2000084245 1015000 940000
1 0 10000 100 2000000 2000084328 1016000 941000
1 0 10000 100 2000000 2000084411 1017000 942000
1 0 10000 100 2000000 2000084494 1018000 943000
1 0 10000 100 2000000 2000084577 1019000 944000
1 0 10000 100 2000000 2000084660 1020000 945000
1 0 10000 100 2000000 2000084743 1021000 946000
1 0 10000 100 2000000 2000084826 1022000 947000
1 0 10000 100 2000000 2000084909 1023000 948000
1 0 10000 100 2000000 2000084992 1024000 949000
1 0 10000 100 2000000 2000085075 1025000 950000
1 0 10000 100 2000000 2000085158 1026000 951000
1 0 10000 100 2000000 2000085241 1027000 952000
1 0 10000 100 2000000 2000085324 1028000 953000
1 0 10000 100 2000000 2000085407 1029000 954000
1 0 10000 100 2000000 2000085490 1030000 955000
1 0 10000 100 2000000 2000085573 1031000 956000
1 0 10000 100 2000000 2000085656 1032000 957000
1 0 10000 100 2000000 2000085739 1033000 958000
1 0 10000 100 2000000 2000085822 1034000 959000
1 0 10000 100 2000000 2000085905 1035000 960000
1 0 10000 100 2000000 2000085988 1036000 961000
1 0 10000 100 2000000 2000086071 1037000 962000
1 0 10000 100 2000000 2000086154 1038000 963000
1 0 10000 100 2000000 2000086237 1039000 964000
1 0 10000 100 2000000 2000086320 1040000 965000
1 0 10000 100 2000000 2000086403 1041000 966000
1 0 10000 100 2000000 2000086486 1042000 967000
1 0 10000 100 2000000 2000086569 1043000 968000
1 0 10000 100 2000000 2000086652 1044000 969000
1 0 10000 100 2000000 2000086735 1045000 970000
1 0 10000 100 2000000 2000086818 1046000 971000
1 0 10000 100 2000000 2000086901 1047000 972000
1 0 10000 100 2000000 2000086984 1048000 973000
1 0 10000 100 2000000 2000087067 1049000 974000
1 0 10000 100 2000000 2000087150 1050000 975000
1 0 10000 100 2000000 2000087233 1051000 976000
1 0 10000 100 2000000 2000087316 1052000 977000
1 0 10000 100 2000000 2000087399 1053000 978000
1 0 10000 100 2000000 2000087482 1054000 979000
1 0 10000 100 2000000 2000087565 1055000 980000
1 0 10000 100 2000000 2000087648 1056000 981000
1 0 10000 100 2000000 2000087731 1057000 982000
1 0 10000 100 2000000 2000087814 1058000 983000
1 0 10000 100 2000000 2000087897 1059000 984000
1 0 10000 100 2000000 2000087980 1060000 985000
1 0 10000 100 2000000 2000088063 1061000 986000
1 0 10000 100 2000000 2000088146 1062000 987000
1 0 10000 100 2000000 2000088229 1063000 988000
1 0 10000 100 2000000 2000088312 1064000 989000
1 0 10000 100 2000000 2000088395 1065000 990000
1 0 10000 100 2000000 2000088478 1066000 991000
1 0 10000 100 2000000 2000088561 1067000 992000
1 0 10000 100 2000000 2000088644 1068000 993000
1 0 10000 100 2000000 2000088727 1069000 994000
1 0 10000 100 2000000 2000088810 1070000 995000
1 0 10000 100 2000000 2000088893 1071000 996000
1 0 10000 100 2000000 2000088976 1072000 997000
1 0 10000 100 2000000 2000089059 1073000 998000
1 0 10000 100 2000000 2000089142 1074000 999000
1 0 10000 100 2000000 2000089225 1075000 1000000
1 0 10000 100 2000000 2000089308 1076000 1001000
1 0 10000 100 2000000 2000089391 1077000 1002000
1 0 10000 100 2000000 2000089474 1078000 1003000
1 0 10000 100 2000000 2000089557 1079000 1004000
1 0 10000 100 2000000 2000089640 1080000 1005000
1 0 10000 100 2000000 2000089723 1081000 1006000
1 0 10000 100 2000000 2000089806 1082000 1007000
1 0 10000 100 2000000 2000089889 1083000 1008000
1 0 10000 100 2000000 2000089972 1084000 1009000
1 0 10000 100 2000000 2000090055 1085000 1010000
1 0 10000 100 2000000 2000090138 1086000 1011000
1 0 10000 100 2000000 2000090221 1087000 1012000
1 0 10000 100 2000000 2000090304 1088000 1013000
1 0 10000 100 2000000 2000090387 1089000 1014000
1 0 10000 100 2000000 2000090470 1090000 1015000
1 0 10000 100 2000000 2000090553 1091000 1016000
1 0 10000 100 2000000 2000090636 1092000 1017000
1 0 10000 100 2000000 2000090719 1093000 1018000
1 0 10000 100 2000000 2000090802 1094000 1019000
1 0 10000 100 2000000 2000090885 1095000 1020000
1 0 10000 100 2000000 2000090968 1096000 1021000
1 0 10000 100 2000000 2000091051 1097000 1022000
1 0 10000 100 2000000 2000091134 1098000 1023000
1 0 10000 100 2000000 2000091217 1099000 1024000
1 0 10000 100 2000000 2000091300 1100000 1025000
1 0 10000 100 2000000 2000091383 1101000 1026000
1 0 10000 100 2000000 2000091466 1102000 1027000
1 0 10000 100 2000000 2000091549 1103000 1028000
1 0 10000 100 2000000 2000091632 1104000 1029000
1 0 10000 100 2000000 2000091715 1105000 1030000
1 0 10000 100 2000000 2000091798 1106000 1031000
1 0 10000 100 2000000 2000091881 1107000 1032000
1 0 10000 100 2000000 2000091964 1108000 1033000
1 0 10000 100 2000000 2000092047 1109000 1034000
1 0 10000 100 2000000 2000092130 1110000 1035000
1 0 10000 100 2000000 2000092213 1111000 1036000
1 0 10000 100 2000000 2000092296 1112000 1037000
1 0 10000 100 2000000 2000092379 1113000 1038000
1 0 10000 100 2000000 2000092462 1114000 1039000
1 0 10000 100 2000000 2000092545 1115000 1040000
1 0 10000 100 2000000 2000092628 1116000 1041000
1 0 10000 100 2000000 2000092711 1117000 1042000
1 0 10000 100 2000000 2000092794 1118000 1043000
1 0 10000 100 2000000 2000092877 1119000 1044000
1 0 10000 100 2000000 2000092960 1120000 1045000
1 0 10000 100 2000000 2000093043 1121000 1046000
1 0 10000 100 2000000 2000093126 1122000 1047000
1 0 10000 100 2000000 2000093209 1123000 1048000
1 0 10000 100 2000000 2000093292 1124000 1049000
1 0 10000 100 2000000 2000093375 1125000 1050000
1 0 10000 100 2000000 2000093458 1126000 1051000
1 0 10000 100 2000000 2000093541 1127000 1052000
1 0 10000 100 2000000 2000093624 1128000 1053000
1 0 10000 100 2000000 2000093707 1129000 1054000
1 0 10000 100 2000000 2000093790 1130000 1055000
1 0 10000 100 2000000 2000093873 1131000 1056000
1 0 10000 100 2000000 2000093956 1132000 1057000
1 0 10000 100 2000000 2000094039 1133000 1058000
1 0 10000 100 2000000 2000094122 1134000 1059000
1 0 10000 100 2000000 2000094205 1135000 1060000
1 0 10000 100 2000000 2000094288 1136000 1061000
1 0 10000 100 2000000 2000094371 1137000 1062000
1 0 10000 100 2000000 2000094454 1138000 1063000
1 0 10000 100 2000000 2000094537 1139000 1064000
1 0 10000 100 2000000 2000094620 1140000 1065000
1 0 10000 100 2000000 2000094703 1141000 1066000
1 0 10000 100 2000000 2000094786 1142000 1067000
1 0 10000 100 2000000 2000094869 1143000 1068000
1 0 10000 100 2000000 2000094952 1144000 1069000
1 0 10000 100 2000000 2000095035 1145000 1070000
1 0 10000 100 2000000 2000095118 1146000 1071000
1 0 10000 100 2000000 2000095201 1147000 1072000
1 0 10000 100 2000000 2000095284 1148000 1073000
1 0 10000 100 2000000 2000095367 1149000 1074000
1 0 10000 100 2000000 2000095450 1150000 1075000
1 0 10000 100 2000000 2000095533 1151000 1076000
1 0 10000 100 2000000 2000095616 1152000 1077000
1 0 10000 100 2000000 2000095699 1153000 1078000
1 0 10000 100 2000000 2000095782 1154000 1079000
1 0 10000 100 2000000 2000095865 1155000 1080000
1 0 10000 100 2000000 2000095948 1156000 1081000
1 0 10000 100 2000000 2000096031 1157000 1082000
1 0 10000 100 2000000 2000096114 1158000 1083000
1 0 10000 100 2000000 2000096197 1159000 1084000
1 0 10000 100 2000000 2000096280 1160000 1085000
1 0 10000 100 2000000 2000096363 1161000 1086000
1 0 10000 100 2000000 2000096446 1162000 1087000
1 0 10000 100 2000000 2000096529 1163000 1088000
1 0 10000 100 2000000 2000096612 1164000 1089000
1 0 10000 100 2000000 2000096695 1165000 1090000
1 0 10000 100 2000000 2000096778 1166000 1091000
1 0 10000 100 2000000 2000096861 1167000 1092000
1 0 10000 100 2000000 2000096944 1168000 1093000
1 0 10000 100 2000000 2000097027 1169000 1094000
1 0 10000 100 2000000 2000097110 1170000 1095000
1 0 10000 100 2000000 2000097193 1171000 1096000
1 0 10000 100 2000000 2000097276 1172000 1097000
1 0 10000 100 2000000 2000097359 1173000 1098000
1 0 10000 100 2000000 2000097442 1174000 1099000
1 0 10000 100 2000000 2000097525 1175000 1100000
1 0 10000 100 2000000 2000097608 1176000 1101000
1 0 10000 100 2000000 2000097691 1177000 1102000
1 0 10000 100 2000000 2000097774 1178000 1103000
1 0 10000 100 2000000 2000097857 1179000 1104000
1 0 10000 100 2000000 2000097940 1180000 1105000
1 0 10000 100 2000000 2000098023 1181000 1106000
1 0 10000 100 2000000 2000098106 1182000 1107000
1 0 10000 100 2000000 2000098189 1183000 1108000
1 0 10000 100 2000000 2000098272 1184000 1109000
1 0 10000 100 2000000 2000098355 1185000 1110000
1 0 10000 100 2000000 2000098438 1186000 1111000
1 0 10000 100 2000000 2000098521 1187000 1112000
1 0 10000 100 2000000 2000098604 1188000 1113000
1 0 10000 100 2000000 2000098687 1189000 1114000
1 0 10000 100 2000000 2000098770 1190000 1115000
1 0 10000 100 2000000 2000098853 1191000 1116000
1 0 10000 100 2000000 2000098936 1192000 1117000
1 0 10000 100 2000000 2000099019 1193000 1118000
1 0 10000 100 2000000 2000099102 1194000 1119000
1 0 10000 100 2000000 2000099185 1195000 1120000
1 0 10000 100 2000000 2000099268 1196000 1121000
1 0 10000 100 2000000 2000099351 1197000 1122000
1 0 10000 100 2000000 2000099434 1198000 1123000
1 0 10000 100 2000000 2000099517 1199000 1124000
1 0 10000 100 2000000 2000099600 1200000 1125000
1 0 10000 100 2000000 2000099683 1201000 1126000
1 0 10000 100 2000000 2000099766 1202000 1127000
1 0 10000 100 2000000 2000099849 1203000 1128000
1 0 10000 100 2000000 2000099932 1204000 1129000
1 0 10000 100 2000000 2000100015 1205000 1130000
1 0 10000 100 2000000 2000100098 1206000 1131000
1 0 10000 100 2000000 2000100181 1207000 1132000
1 0 10000 100 2000000 2000100264 1208000 1133000
1 0 10000 100 2000000 2000100347 1209000 1134000
1 0 10000 100 2000000 2000100430 1210000 1135000
1 0 10000 100 2000000 2000100513 1211000 1136000
1 0 10000 100 2000000 2000100596 1212000 1137000
1 0 10000 100 2000000 2000100679 1213000 1138000
1 0 10000 100 2000000 2000100762 1214000 1139000
1 0 10000 100 2000000 2000100845 1215000 1140000
1 0 10000 100 2000000 2000100928 1216000 1141000
1 0 10000 100 2000000 2000101011 1217000 1142000
1 0 10000 100 2000000 2000101094 1218000 1143000
1 0 10000 100 2000000 2000101177 1219000 1144000
1 0 10000 100 2000000 2000101260 1220000 1145000
1 0 10000 100 2000000 2000101343 1221000 1146000
1 0 10000 100 2000000 2000101426 1222000 1147000
1 0 10000 100 2000000 2000101509 1223000 1148000
1 0 10000 100 2000000 2000101592 1224000 1149000
1 0 10000 100 2000000 2000101675 1225000 1150000
1 0 10000 100 2000000 2000101758 1226000 1151000
1 0 10000 100 2000000 2000101841 1227000 1152000
1 0 10000 100 2000000 2000101924 1228000 1153000
1 0 10000 100 2000000 2000102007 1229000 1154000
1 0 10000 100 2000000 2000102090 1230000 1155000
1 0 10000 100 2000000 2000102173 1231000 1156000
1 0 10000 100 2000000 2000102256 1232000 1157000
1 0 10000 100 2000000 2000102339 1233000 1158000
1 0 10000 100 2000000 2000102422 1234000 1159000
1 0 10000 100 2000000 2000102505 1235000 1160000
1 0 10000 100 2000000 2000102588 1236000 1161000
1 0 10000 100 2000000 2000102671 1237000 1162000
1 0 10000 100 2000000 2000102754 1238000 1163000
1 0 10000 100 2000000 2000102837 1239000 1164000
1 0 10000 100 2000000 2000102920 1240000 1165000
1 0 10000 100 2000000 2000103003 1241000 1166000
1 0 10000 100 2000000 2000103086 1242000 1167000
1 0 10000 100 2000000 2000103169 1243000 1168000
1 0 10000 100 2000000 2000103252 1244000 1169000
1 0 10000 100 2000000 2000103335 1245000 1170000
1 0 10000 100 2000000 2000103418 1246000 1171000
1 0 10000 100 2000000 2000103501 1247000 1172000
1 0 10000 100 2000000 2000103584 1248000 1173000
1 0 10000 100 2000000 2000103667 1249000 1174000
1 0 10000 100 2000000 2000103750 1250000 1175000
1 0 10000 100 2000000 2000103833 1251000 1176000
1 0 10000 100 2000000 2000103916 1252000 1177000
1 0 10000 100 2000000 2000103999 1253000 1178000
1 0 10000 100 2000000 2000104082 1254000 1179000
1 0 10000 100 2000000 2000104165 1255000 1180000
1 0 10000 100 2000000 2000104248 1256000 1181000
1 0 10000 100 2000000 2000104331 1257000 1182000
1 0 10000 100 2000000 2000104414 1258000 1183000
1 0 10000 100 2000000 2000104497 1259000 1184000
1 0 10000 100 2000000 2000104580 1260000 1185000
1 0 10000 100 2000000 2000104663 1261000 1186000
1 0 10000 100 2000000 2000104746 1262000 1187000
1 0 10000 100 2000000 2000104829 1263000 1188000
1 0 10000 100 2000000 2000104912 1264000 1189000
1 0 10000 100 2000000 2000104995 1265000 1190000
1 0 10000 100 2000000 2000105078 1266000 1191000
1 0 10000 100 2000000 2000105161 1267000 1192000
1 0 10000 100 2000000 2000105244 1268000 1193000
1 0 10000 100 2000000 2000105327 1269000 1194000
1 0 10000 100 2000000 2000105410 1270000 1195000
1 0 10000 100 2000000 2000105493 1271000 1196000
1 0 10000 100 2000000 2000105576 1272000 1197000
1 0 10000 100 2000000 2000105659 1273000 1198000
1 0 10000 100 2000000 2000105742 1274000 1199000
1 0 10000 100 2000000 2000105825 1275000 1200000
1 0 10000 100 2000000 2000105908 1276000 1201000
1 0 10000 100 2000000 2000105991 1277000 1202000
1 0 10000 100 2000000 2000106074 1278000 1203000
1 0 10000 100 2000000 2000106157 1279000 1204000
1 0 10000 100 2000000 2000106240 1280000 1205000
1 0 10000 100 2000000 2000106323 1281000 1205000
1 0 10000 100 2000000 2000106406 1282000 1206000
1 0 10000 100 2000000 2000106489 1283000 1206000
1 0 10000 100 2000000 2000106572 1284000 1207000
1 0 10000 100 2000000 2000106691 1285000 1208000
1 0 10000 100 2000000 2000106857 1286000 1209000
1 0 10000 100 2000000 2000107023 1287000 1210000
1 0 10000 100 2000000 2000107189 1288000 1211000
1 0 10000 100 2000000 2000107355 1289000 1212000
1 0 10000 100 2000000 2000107521 1290000 1213000
1 0 10000 100 2000000 2000107687 1291000 1214000
1 0 10000 100 2000000 2000107853 1292000 1215000
1 0 10000 100 2000000 2000108019 1293000 1216000
1 0 10000 100 2000000 2000108185 1294000 1217000
1 0 10000 100 2000000 2000108351 1295000 1218000
1 0 10000 100 2000000 2000108517 1296000 1219000
1 0 10000 100 2000000 2000108683 1297000 1220000
1 0 10000 100 2000000 2000108849 1298000 1221000
1 0 10000 100 2000000 2000109015 1299000 1222000
1 0 10000 100 2000000 2000109181 1300000 1223000
1 0 10000 100 2000000 2000109347 1301000 1224000
1 0 10000 100 2000000 2000109513 1302000 1225000
1 0 10000 100 2000000 2000109679 1303000 1226000
1 0 10000 100 2000000 2000109845 1304000 1227000
1 0 10000 100 2000000 2000110011 1305000 1228000
1 0 10000 100 2000000 2000110177 1306000 1229000
1 0 10000 100 2000000 2000110343 1307000 1230000
1 0 10000 100 2000000 2000110509 1308000 1231000
1 0 10000 100 2000000 2000110675 1309000 1232000
1 0 10000 100 2000000 2000110841 1310000 1233000
1 0 10000 100 2000000 2000111007 1311000 1234000
1 0 10000 100 2000000 2000111173 1312000 1235000
1 0 10000 100 2000000 2000111339 1313000 1236000
1 0 10000 100 2000000 2000111505 1314000 1237000
1 0 10000 100 2000000 2000111671 1315000 1238000
1 0 10000 100 2000000 2000111837 1316000 1239000
1 0 10000 100 2000000 2000112003 1317000 1240000
1 0 10000 100 2000000 2000112169 1318000 1241000
1 0 10000 100 2000000 2000112335 1319000 1242000
1 0 10000 100 2000000 2000112501 1320000 1243000
1 0 10000 100 2000000 2000112667 1321000 1244000
1 0 10000 100 2000000 2000112833 1322000 1245000
1 0 10000 100 2000000 2000112999 1323000 1246000
1 0 10000 100 2000000 2000113165 1324000 1247000
1 0 10000 100 2000000 2000113331 1325000 1248000
1 0 10000 100 2000000 2000113497 1326000 1249000
1 0 10000 100 2000000 2000113663 1327000 1250000
1 0 10000 100 2000000 2000113829 1328000 1251000
1 0 10000 100 2000000 2000113995 1329000 1252000
1 0 10000 100 2000000 2000114161 1330000 1253000
1 0 10000 100 2000000 2000114327 1331000 1254000
1 0 10000 100 2000000 2000114493 1332000 1255000
1 0 10000 100 2000000 2000114659 1333000 1256000
1 0 10000 100 2000000 2000114825 1334000 1257000
1 0 10000 100 2000000 2000114991 1335000 1258000
1 0 10000 100 2000000 2000115157 1336000 1259000
1 0 10000 100 2000000 2000115323 1337000 1260000
1 0 10000 100 2000000 2000115489 1338000 1261000
1 0 10000 100 2000000 2000115655 1339000 1262000
1 0 10000 100 2000000 2000115821 1340000 1263000
1 0 10000 100 2000000 2000115987 1341000 1264000
1 0 10000 100 2000000 2000116153 1342000 1265000
1 0 10000 100 2000000 2000116319 1343000 1266000
1 0 10000 100 2000000 2000116485 1344000 1267000
1 0 10000 100 2000000 2000116651 1345000 1268000
1 0 10000 100 2000000 2000116817 1346000 1269000
1 0 10000 100 2000000 2000116983 1347000 1270000
1 0 10000 100 2000000 2000117149 1348000 1271000
1 0 10000 100 2000000 2000117315 1349000 1272000
1 0 10000 100 2000000 2000117481 1350000 1273000
1 0 10000 100 2000000 2000117647 1351000 1274000
1 0 10000 100 2000000 2000117813 1352000 1275000
1 0 10000 100 2000000 2000117979 1353000 1276000
1 0 10000 100 2000000 2000118145 1354000 1277000
1 0 10000 100 2000000 2000118311 1355000 1278000
1 0 10000 100 2000000 2000118477 1356000 1279000
1 0 10000 100 2000000 2000118643 1357000 1280000
1 0 10000 100 2000000 2000118809 1358000 1281000
1 0 10000 100 2000000 2000118975 1359000 1282000
1 0 10000 100 2000000 2000119141 1360000 1283000
1 0 10000 100 2000000 2000119307 1361000 1284000
1 0 10000 100 2000000 2000119473 1362000 1285000
1 0 10000 100 2000000 2000119639 1363000 1286000
1 0 10000 100 2000000 2000119805 1364000 1287000
1 0 10000 100 2000000 2000119971 1365000 1288000
1 0 10000 100 2000000 2000120137 1366000 1289000
1 0 10000 100 2000000 2000120303 1367000 1290000
1 0 10000 100 2000000 2000120469 1368000 1291000
1 0 10000 100 2000000 2000120635 1369000 1292000
1 0 10000 100 2000000 2000120801 1370000 1293000
1 0 10000 100 2000000 2000120967 1371000 1294000
1 0 10000 100 2000000 2000121133 1372000 1295000
1 0 10000 100 2000000 2000121299 1373000 1296000
1 0 10000 100 2000000 2000121465 1374000 1297000
1 0 10000 100 2000000 2000121631 1375000 1298000
1 0 10000 100 2000000 2000121797 1376000 1299000
1 0 10000 100 2000000 2000121963 1377000 1300000
1 0 10000 100 2000000 2000122129 1378000 1301000
1 0 10000 100 2000000 2000122295 1379000 1302000
1 0 10000 100 2000000 2000122461 1380000 1303000
1 0 10000 100 2000000 2000122627 1381000 1304000
1 0 10000 100 2000000 2000122793 1382000 1305000
1 0 10000 100 2000000 2000122959 1383000 1306000
1 0 10000 100 2000000 2000123125 1384000 1307000
1 0 10000 100 2000000 2000123291 1385000 1308000
1 0 10000 100 2000000 2000123457 1386000 1309000
1 0 10000 100 2000000 2000123623 1387000 1310000
1 0 10000 100 2000000 2000123789 1388000 1311000
1 0 10000 100 2000000 2000123955 1389000 1312000
1 0 10000 100 2000000 2000124121 1390000 1313000
1 0 10000 100 2000000 2000124287 1391000 1314000
1 0 10000 100 2000000 2000124453 1392000 1315000
1 0 10000 100 2000000 2000124619 1393000 1316000
1 0 10000 100 2000000 2000124785 1394000 1317000
1 0 10000 100 2000000 2000124951 1395000 1318000
1 0 10000 100 2000000 2000125117 1396000 1319000
1 0 10000 100 2000000 2000125283 1397000 1320000
1 0 10000 100 2000000 2000125449 1398000 1321000
1 0 10000 100 2000000 2000125615 1399000 1322000
1 0 10000 100 2000000 2000125781 1400000 1323000
1 0 10000 100 2000000 2000125947 1401000 1324000
1 0 10000 100 2000000 2000126113 1402000 1325000
1 0 10000 100 2000000 2000126279 1403000 1326000
1 0 10000 100 2000000 2000126445 1404000 1327000
1 0 10000 100 2000000 2000126611 1405000 1328000
1 0 10000 100 2000000 2000126777 1406000 1329000
1 0 10000 100 2000000 2000126943 1407000 1330000
1 0 10000 100 2000000 2000127109 1408000 1331000
1 0 10000 100 2000000 2000127275 1409000 1332000
1 0 10000 100 2000000 2000127441 1410000 1333000
1 0 10000 100 2000000 2000127607 1411000 1334000
1 0 10000 100 2000000 2000127773 1412000 1335000
1 0 10000 100 2000000 2000127939 1413000 1336000
1 0 10000 100 2000000 2000128105 1414000 1337000
1 0 10000 100 2000000 2000128271 1415000 1338000
1 0 10000 100 2000000 2000128437 1416000 1339000
1 0 10000 100 2000000 2000128603 1417000 1340000
1 0 10000 100 2000000 2000128769 1418000 1341000
1 0 10000 100 2000000 2000128935 1419000 1342000
1 0 10000 100 2000000 2000129101 1420000 1343000
1 0 10000 100 2000000 2000129267 1421000 1344000
1 0 10000 100 2000000 2000129433 1422000 1345000
1 0 10000 100 2000000 2000129599 1423000 1346000
1 0 10000 100 2000000 2000129765 1424000 1347000
1 0 10000 100 2000000 2000129931 1425000 1348000
1 0 10000 100 2000000 2000130097 1426000 1349000
1 0 10000 100 2000000 2000130263 1427000 1350000
1 0 10000 100 2000000 2000130429 1428000 1351000
1 0 10000 100 2000000 2000130595 1429000 1352000
1 0 10000 100 2000000 2000130761 1430000 1353000
1 0 10000 100 2000000 2000130927 1431000 1354000
1 0 10000 100 2000000 2000131093 1432000 1355000
1 0 10000 100 2000000 2000131259 1433000 1356000
1 0 10000 100 2000000 2000131425 1434000 1357000
1 0 10000 100 2000000 2000131591 1435000 1358000
1 0 10000 100 2000000 2000131757 1436000 1359000
1 0 10000 100 2000000 2000131923 1437000 1360000
1 0 10000 100 2000000 2000132089 1438000 1361000
1 0 10000 100 2000000 2000132255 1439000 1362000
1 0 10000 100 2000000 2000132421 1440000 1363000
1 0 10000 100 2000000 2000132587 1441000 1364000
1 0 10000 100 2000000 2000132753 1442000 1365000
1 0 10000 100 2000000 2000132919 1443000 1366000
1 0 10000 100 2000000 2000133085 1444000 1367000
1 0 10000 100 2000000 2000133251 1445000 1368000
1 0 10000 100 2000000 2000133417 1446000 1369000
1 0 10000 100 2000000 2000133583 1447000 1370000
1 0 10000 100 2000000 2000133749 1448000 1371000
1 0 10000 100 2000000 2000133915 1449000 1372000
1 0 10000 100 2000000 2000134081 1450000 1373000
1 0 10000 100 2000000 2000134247 1451000 1374000
1 0 10000 100 2000000 2000134413 1452000 1375000
1 0 10000 100 2000000 2000134579 1453000 1376000
1 0 10000 100 2000000 2000134745 1454000 1377000
1 0 10000 100 2000000 2000134911 1455000 1378000
1 0 10000 100 2000000 2000135077 1456000 1379000
1 0 10000 100 2000000 2000135243 1457000 1380000
1 0 10000 100 2000000 2000135409 1458000 1381000
1 0 10000 100 2000000 2000135575 1459000 1382000
1 0 10000 100 2000000 2000135741 1460000 1383000
1 0 10000 100 2000000 2000135907 1461000 1384000
1 0 10000 100 2000000 2000136073 1462000 1385000
1 0 10000 100 2000000 2000136239 1463000 1386000
1 0 10000 100 2000000 2000136405 1464000 1387000
1 0 10000 100 2000000 2000136571 1465000 1388000
1 0 10000 100 2000000 2000136737 1466000 1389000
1 0 10000 100 2000000 2000136903 1467000 1390000
1 0 10000 100 2000000 2000137069 1468000 1391000
1 0 10000 100 2000000 2000137235 1469000 1392000
1 0 10000 100 2000000 2000137401 1470000 1393000
1 0 10000 100 2000000 2000137567 1471000 1394000
1 0 10000 100 2000000 2000137733 1472000 1395000
1 0 10000 100 2000000 2000137899 1473000 1396000
1 0 10000 100 2000000 2000138065 1474000 1397000
1 0 10000 100 2000000 2000138231 1475000 1398000
1 0 10000 100 2000000 2000138397 1476000 1399000
1 0 10000 100 2000000 2000138563 1477000 1400000
1 0 10000 100 2000000 2000138729 1478000 1401000
1 0 10000 100 2000000 2000138895 1479000 1402000
1 0 10000 100 2000000 2000139061 1480000 1403000
1 0 10000 100 2000000 2000139227 1481000 1404000
1 0 10000 100 2000000 2000139393 1482000 1405000
1 0 10000 100 2000000 2000139559 1483000 1406000
1 0 10000 100 2000000 2000139725 1484000 1407000
1 0 10000 100 2000000 2000139891 1485000 1408000
1 0 10000 100 2000000 2000140057 1486000 1409000
1 0 10000 100 2000000 2000140223 1487000 1410000
1 0 10000 100 2000000 2000140389 1488000 1411000
1 0 10000 100 2000000 2000140555 1489000 1412000
1 0 10000 100 2000000 2000140721 1490000 1413000
1 0 10000 100 2000000 2000140887 1491000 1414000
1 0 10000 100 2000000 2000141053 1492000 1415000
1 0 10000 100 2000000 2000141219 1493000 1416000
1 0 10000 100 2000000 2000141385 1494000 1417000
1 0 10000 100 2000000 2000141551 1495000 1418000
1 0 10000 100 2000000 2000141717 1496000 1419000
1 0 10000 100 2000000 2000141883 1497000 1420000
1 0 10000 100 2000000 2000142049 1498000 1421000
1 0 10000 100 2000000 2000142215 1499000 1422000
1 0 10000 100 2000000 2000142381 1500000 1423000
1 0 10000 100 2000000 2000142547 1501000 1424000
1 0 10000 100 2000000 2000142713 1502000 1425000
1 0 10000 100 2000000 2000142879 1503000 1426000
1 0 10000 100 2000000 2000143045 1504000 1427000
1 0 10000 100 2000000 2000143211 1505000 1428000
1 0 10000 100 2000000 2000143377 1506000 1429000
1 0 10000 100 2000000 2000143543 1507000 1430000
1 0 10000 100 2000000 2000143709 1508000 1431000
1 0 10000 100 2000000 2000143875 1509000 1432000
1 0 10000 100 2000000 2000144041 1510000 1433000
1 0 10000 100 2000000 2000144207 1511000 1434000
1 0 10000 100 2000000 2000144373 1512000 1435000
1 0 10000 100 2000000 2000144539 1513000 1436000
1 0 10000 100 2000000 2000144705 1514000 1437000
1 0 10000 100 2000000 2000144871 1515000 1438000
1 0 10000 100 2000000 2000145037 1516000 1439000
1 0 10000 100 2000000 2000145203 1517000 1440000
1 0 10000 100 2000000 2000145369 1518000 1441000
1 0 10000 100 2000000 2000145535 1519000 1442000
1 0 10000 100 2000000 2000145701 1520000 1443000
1 0 10000 100 2000000 2000145867 1521000 1444000
1 0 10000 100 2000000 2000146033 1522000 1445000
1 0 10000 100 2000000 2000146199 1523000 1446000
1 0 10000 100 2000000 2000146365 1524000 1447000
1 0 10000 100 2000000 2000146531 1525000 1448000
1 0 10000 100 2000000 2000146697 1526000 1449000
1 0 10000 100 2000000 2000146863 1527000 1450000
1 0 10000 100 2000000 2000147029 1528000 1451000
1 0 10000 100 2000000 2000147195 1529000 1452000
1 0 10000 100 2000000 2000147361 1530000 1453000
1 0 10000 100 2000000 2000147527 1531000 1454000
1 0 10000 100 2000000 2000147693 1532000 1455000
1 0 10000 100 2000000 2000147859 1533000 1456000
1 0 10000 100 2000000 2000148025 1534000 1457000
1 0 10000 100 2000000 2000148191 1535000 1458000
1 0 10000 100 2000000 2000148357 1536000 1459000
1 0 10000 100 2000000 2000148523 1537000 1460000
1 0 10000 100 2000000 2000148689 1538000 1461000
1 0 10000 100 2000000 2000148855 1539000 1462000
1 0 10000 100 2000000 2000149021 1540000 1463000
1 0 10000 100 2000000 2000149187 1541000 1464000
1 0 10000 100 2000000 2000149353 1542000 1465000
1 0 10000 100 2000000 2000149519 1543000 1466000
1 0 10000 100 2000000 2000149685 1544000 1467000
1 0 10000 100 2000000 2000149851 1545000 1468000
1 0 10000 100 2000000 2000150017 1546000 1469000
1 0 10000 100 2000000 2000150183 1547000 1470000
1 0 10000 100 2000000 2000150349 1548000 1471000
1 0 10000 100 2000000 2000150515 1549000 1472000
1 0 10000 100 2000000 2000150681 1550000 1473000
1 0 10000 100 2000000 2000150847 1551000 1474000
1 0 10000 100 2000000 2000151013 1552000 1475000
1 0 10000 100 2000000 2000151179 1553000 1476000
1 0 10000 100 2000000 2000151345 1554000 1477000
1 0 10000 100 2000000 2000151511 1555000 1478000
1 0 10000 100 2000000 2000151677 1556000 1479000
1 0 10000 100 2000000 2000151843 1557000 1480000
1 0 10000 100 2000000 2000152009 1558000 1481000
1 0 10000 100 2000000 2000152175 1559000 1482000
1 0 10000 100 2000000 2000152341 1560000 1483000
1 0 10000 100 2000000 2000152507 1561000 1484000
1 0 10000 100 2000000 2000152673 1562000 1485000
1 0 10000 100 2000000 2000152839 1563000 1486000
1 0 10000 100 2000000 2000153005 1564000 1487000
1 0 10000 100 2000000 2000153171 1565000 1488000
1 0 10000 100 2000000 2000153337 1566000 1489000
1 0 10000 100 2000000 2000153503 1567000 1490000
1 0 10000 100 2000000 2000153669 1568000 1491000
1 0 10000 100 2000000 2000153835 1569000 1492000
1 0 10000 100 2000000 2000154001 1570000 1493000
1 0 10000 100 2000000 2000154167 1571000 1494000
1 0 10000 100 2000000 2000154333 1572000 1495000
1 0 10000 100 2000000 2000154499 1573000 1496000
1 0 10000 100 2000000 2000154665 1574000 1497000
1 0 10000 100 2000000 2000154831 1575000 1498000
1 0 10000 100 2000000 2000154997 1576000 1499000
1 0 10000 100 2000000 2000155163 1577000 1500000
1 0 10000 100 2000000 2000155329 1578000 1501000
1 0 10000 100 2000000 2000155495 1579000 1502000
1 0 10000 100 2000000 2000155661 1580000 1503000
1 0 10000 100 2000000 2000155827 1581000 1504000
1 0 10000 100 2000000 2000155993 1582000 1505000
1 0 10000 100 2000000 2000156159 1583000 1506000
1 0 10000 100 2000000 2000156325 1584000 1507000
1 0 10000 100 2000000 2000156491 1585000 1508000
1 0 10000 100 2000000 2000156657 1586000 1509000
1 0 10000 100 2000000 2000156823 1587000 1510000
1 0 10000 100 2000000 2000156989 1588000 1511000
1 0 10000 100 2000000 2000157155 1589000 1512000
1 0 10000 100 2000000 2000157321 1590000 1513000
1 0 10000 100 2000000 2000157487 1591000 1514000
1 0 10000 100 2000000 2000157653 1592000 1515000
1 0 10000 100 2000000 2000157819 1593000 1516000
1 0 10000 100 2000000 2000157985 1594000 1517000
1 0 10000 100 2000000 2000158151 1595000 1518000
1 0 10000 100 2000000 2000158317 1596000 1519000
1 0 10000 100 2000000 2000158483 1597000 1520000
1 0 10000 100 2000000 2000158649 1598000 1521000
1 0 10000 100 2000000 2000158815 1599000 1522000
1 0 10000 100 2000000 2000158981 1600000 1523000
1 0 10000 100 2000000 2000159147 1601000 1524000
1 0 10000 100 2000000 2000159313 1602000 1525000
1 0 10000 100 2000000 2000159479 1603000 1526000
1 0 10000 100 2000000 2000159645 1604000 1527000
1 0 10000 100 2000000 2000159811 1605000 1528000
1 0 10000 100 2000000 2000159977 1606000 1529000
1 0 10000 100 2000000 2000160143 1607000 1530000
1 0 10000 100 2000000 2000160309 1608000 1531000
1 0 10000 100 2000000 2000160475 1609000 1532000
1 0 10000 100 2000000 2000160641 1610000 1533000
1 0 10000 100 2000000 2000160807 1611000 1534000
1 0 10000 100 2000000 2000160973 1612000 1535000
1 0 10000 100 2000000 2000161139 1613000 1536000
1 0 10000 100 2000000 2000161305 1614000 1537000
1 0 10000 100 2000000 2000161471 1615000 1538000
1 0 10000 100 2000000 2000161637 1616000 1539000
1 0 10000 100 2000000 2000161803 1617000 1540000
1 0 10000 100 2000000 2000161969 1618000 1541000
1 0 10000 100 2000000 2000162135 1619000 1542000
1 0 10000 100 2000000 2000162301 1620000 1543000
1 0 10000 100 2000000 2000162467 1621000 1544000
1 0 10000 100 2000000 2000162633 1622000 1545000
1 0 10000 100 2000000 2000162799 1623000 1546000
1 0 10000 100 2000000 2000162965 1624000 1547000
1 0 10000 100 2000000 2000163131 1625000 1548000
1 0 10000 100 2000000 2000163297 1626000 1549000
1 0 10000 100 2000000 2000163463 1627000 1550000
1 0 10000 100 2000000 2000163629 1628000 1551000
1 0 10000 100 2000000 2000163795 1629000 1552000
1 0 10000 100 2000000 2000163961 1630000 1553000
1 0 10000 100 2000000 2000164127 1631000 1554000
1 0 10000 100 2000000 2000164293 1632000 1555000
1 0 10000 100 2000000 2000164459 1633000 1556000
1 0 10000 100 2000000 2000164625 1634000 1557000
1 0 10000 100 2000000 2000164791 1635000 1558000
1 0 10000 100 2000000 2000164957 1636000 1559000
1 0 10000 100 2000000 2000165123 1637000 1560000
1 0 10000 100 2000000 2000165289 1638000 1561000
1 0 10000 100 2000000 2000165455 1639000 1562000
1 0 10000 100 2000000 2000165621 1640000 1563000
1 0 10000 100 2000000 2000165787 1641000 1564000
1 0 10000 100 2000000 2000165953 1642000 1565000
1 0 10000 100 2000000 2000166119 1643000 1566000
1 0 10000 100 2000000 2000166285 1644000 1567000
1 0 10000 100 2000000 2000166451 1645000 1568000
1 0 10000 100 2000000 2000166617 1646000 1569000
1 0 10000 100 2000000 2000166783 1647000 1570000
1 0 10000 100 2000000 2000166949 1648000 1571000
1 0 10000 100 2000000 2000167115 1649000 1572000
1 0 10000 100 2000000 2000167281 1650000 1573000
1 0 10000 100 2000000 2000167447 1651000 1574000
1 0 10000 100 2000000 2000167613 1652000 1575000
1 0 10000 100 2000000 2000167779 1653000 1576000
1 0 10000 100 2000000 2000167945 1654000 1577000
1 0 10000 100 2000000 2000168111 1655000 1578000
1 0 10000 100 2000000 2000168277 1656000 1579000
1 0 10000 100 2000000 2000168443 1657000 1580000
1 0 10000 100 2000000 2000168609 1658000 1581000
1 0 10000 100 2000000 2000168775 1659000 1582000
1 0 10000 100 2000000 2000168941 1660000 1583000
1 0 10000 100 2000000 2000169107 1661000 1584000
1 0 10000 100 2000000 2000169273 1662000 1585000
1 0 10000 100 2000000 2000169439 1663000 1586000
1 0 10000 100 2000000 2000169605 1664000 1587000
1 0 10000 100 2000000 2000169771 1665000 1588000
1 0 10000 100 2000000 2000169937 1666000 1589000
1 0 10000 100 2000000 2000170103 1667000 1590000
1 0 10000 100 2000000 2000170269 1668000 1591000
1 0 10000 100 2000000 2000170435 1669000 1592000
1 0 10000 100 2000000 2000170601 1670000 1593000
1 0 10000 100 2000000 2000170767 1671000 1594000
1 0 10000 100 2000000 2000170933 1672000 1595000
1 0 10000 100 2000000 2000171099 1673000 1596000
1 0 10000 100 2000000 2000171265 1674000 1597000
1 0 10000 100 2000000 2000171431 1675000 1598000
1 0 10000 100 2000000 2000171597 1676000 1599000
1 0 10000 100 2000000 2000171763 1677000 1600000
1 0 10000 100 2000000 2000171929 1678000 1601000
1 0 10000 100 2000000 2000172095 1679000 1602000
1 0 10000 100 2000000 2000172261 1680000 1603000
1 0 10000 100 2000000 2000172427 1681000 1604000
1 0 10000 100 2000000 2000172593 1682000 1605000
1 0 10000 100 2000000 2000172759 1683000 1606000
1 0 10000 100 2000000 2000172925 1684000 1607000
1 0 10000 100 2000000 2000173091 1685000 1608000
1 0 10000 100 2000000 2000173257 1686000 1609000
1 0 10000 100 2000000 2000173423 1687000 1610000
1 0 10000 100 2000000 2000173589 1688000 1611000
1 0 10000 100 2000000 2000173755 1689000 1612000
1 0 10000 100 2000000 2000173921 1690000 1613000
1 0 10000 100 2000000 2000174087 1691000 1614000
1 0 10000 100 2000000 2000174253 1692000 1615000
1 0 10000 100 2000000 2000174419 1693000 1616000
1 0 10000 100 2000000 2000174585 1694000 1617000
1 0 10000 100 2000000 2000174751 1695000 1618000
1 0 10000 100 2000000 2000174917 1696000 1619000
1 0 10000 100 2000000 2000175083 1697000 1620000
1 0 10000 100 2000000 2000175249 1698000 1621000
1 0 10000 100 2000000 2000175415 1699000 1622000
1 0 10000 100 2000000 2000175581 1700000 1623000
1 0 10000 100 2000000 2000175747 1701000 1624000
1 0 10000 100 2000000 2000175913 1702000 1625000
1 0 10000 100 2000000 2000176079 1703000 1626000
1 0 10000 100 2000000 2000176245 1704000 1627000
1 0 10000 100 2000000 2000176411 1705000 1628000
1 0 10000 100 2000000 2000176577 1706000 1629000
1 0 10000 100 2000000 2000176743 1707000 1630000
1 0 10000 100 2000000 2000176909 1708000 1631000
1 0 10000 100 2000000 2000177075 1709000 1632000
1 0 10000 100 2000000 2000177241 1710000 1633000
1 0 10000 100 2000000 2000177407 1711000 1634000
1 0 10000 100 2000000 2000177573 1712000 1635000
1 0 10000 100 2000000 2000177739 1713000 1636000
1 0 10000 100 2000000 2000177905 1714000 1637000
1 0 10000 100 2000000 2000178071 1715000 1638000
1 0 10000 100 2000000 2000178237 1716000 1639000
1 0 10000 100 2000000 2000178403 1717000 1640000
1 0 10000 100 2000000 2000178569 1718000 1641000
1 0 10000 100 2000000 2000178735 1719000 1642000
1 0 10000 100 2000000 2000178901 1720000 1643000
1 0 10000 100 2000000 2000179067 1721000 1644000
1 0 10000 100 2000000 2000179233 1722000 1645000
1 0 10000 100 2000000 2000179399 1723000 1646000
1 0 10000 100 2000000 2000179565 1724000 1647000
1 0 10000 100 2000000 2000179731 1725000 1648000
1 0 10000 100 2000000 2000179897 1726000 1649000
1 0 10000 100 2000000 2000180063 1727000 1650000
1 0 10000 100 2000000 2000180229 1728000 1651000
1 0 10000 100 2000000 2000180395 1729000 1652000
1 0 10000 100 2000000 2000180561 1730000 1653000
1 0 10000 100 2000000 2000180727 1731000 1654000
1 0 10000 100 2000000 2000180893 1732000 1655000
1 0 10000 100 2000000 2000181059 1733000 1656000
1 0 10000 100 2000000 2000181225 1734000 1657000
1 0 10000 100 2000000 2000181391 1735000 1658000
1 0 10000 100 2000000 2000181557 1736000 1659000
1 0 10000 100 2000000 2000181723 1737000 1660000
1 0 10000 100 2000000 2000181889 1738000 1661000
1 0 10000 100 2000000 2000182055 1739000 1662000
1 0 10000 100 2000000 2000182221 1740000 1663000
1 0 10000 100 2000000 2000182387 1741000 1664000
1 0 10000 100 2000000 2000182553 1742000 1665000
1 0 10000 100 2000000 2000182719 1743000 1666000
1 0 10000 100 2000000 2000182885 1744000 1667000
1 0 10000 100 2000000 2000183051 1745000 1668000
1 0 10000 100 2000000 2000183217 1746000 1669000
1 0 10000 100 2000000 2000183383 1747000 1670000
1 0 10000 100 2000000 2000183549 1748000 1671000
1 0 10000 100 2000000 2000183715 1749000 1672000
1 0 10000 100 2000000 2000183881 1750000 1673000
1 0 10000 100 2000000 2000184047 1751000 1674000
1 0 10000 100 2000000 2000184213 1752000 1675000
1 0 10000 100 2000000 2000184379 1753000 1676000
1 0 10000 100 2000000 2000184545 1754000 1677000
1 0 10000 100 2000000 2000184711 1755000 1678000
1 0 10000 100 2000000 2000184877 1756000 1679000
1 0 10000 100 2000000 2000185043 1757000 1680000
1 0 10000 100 2000000 2000185209 1758000 1681000
1 0 10000 100 2000000 2000185375 1759000 1682000
1 0 10000 100 2000000 2000185541 1760000 1683000
1 0 10000 100 2000000 2000185707 1761000 1684000
1 0 10000 100 2000000 2000185873 1762000 1685000
1 0 10000 100 2000000 2000186039 1763000 1686000
1 0 10000 100 2000000 2000186205 1764000 1687000
1 0 10000 100 2000000 2000186371 1765000 1688000
1 0 10000 100 2000000 2000186537 1766000 1689000
1 0 10000 100 2000000 2000186703 1767000 1690000
1 0 10000 100 2000000 2000186869 1768000 1691000
1 0 10000 100 2000000 2000187035 1769000 1692000
1 0 10000 100 2000000 2000187201 1770000 1693000
1 0 10000 100 2000000 2000187367 1771000 1694000
1 0 10000 100 2000000 2000187533 1772000 1695000
1 0 10000 100 2000000 2000187699 1773000 1696000
1 0 10000 100 2000000 2000187865 1774000 1697000
1 0 10000 100 2000000 2000188031 1775000 1698000
1 0 10000 100 2000000 2000188197 1776000 1699000
1 0 10000 100 2000000 2000188363 1777000 1700000
1 0 10000 100 2000000 2000188529 1778000 1701000
1 0 10000 100 2000000 2000188695 1779000 1702000
1 0 10000 100 2000000 2000188861 1780000 1703000
1 0 10000 100 2000000 2000189027 1781000 1704000
1 0 10000 100 2000000 2000189193 1782000 1705000
1 0 10000 100 2000000 2000189359 1783000 1706000
1 0 10000 100 2000000 2000189525 1784000 1707000
1 0 10000 100 2000000 2000189691 1785000 1708000
1 0 10000 100 2000000 2000189857 1786000 1709000
1 0 10000 100 2000000 2000190023 1787000 1710000
1 0 10000 100 2000000 2000190189 1788000 1711000
1 0 10000 100 2000000 2000190355 1789000 1712000
1 0 10000 100 2000000 2000190521 1790000 1713000
1 0 10000 100 2000000 2000190687 1791000 1714000
1 0 10000 100 2000000 2000190853 1792000 1715000
1 0 10000 100 2000000 2000191019 1793000 1716000
1 0 10000 100 2000000 2000191185 1794000 1717000
1 0 10000 100 2000000 2000191351 1795000 1718000
1 0 10000 100 2000000 2000191517 1796000 1719000
1 0 10000 100 2000000 2000191683 1797000 1720000
1 0 10000 100 2000000 2000191849 1798000 1721000
1 0 10000 100 2000000 2000192015 1799000 1722000
1 0 10000 100 2000000 2000192181 1800000 1723000
1 0 10000 100 2000000 2000192347 1801000 1724000
1 0 10000 100 2000000 2000192513 1802000 1725000
1 0 10000 100 2000000 2000192679 1803000 1726000
1 0 10000 100 2000000 2000192845 1804000 1727000
1 0 10000 100 2000000 2000193011 1805000 1728000
1 0 10000 100 2000000 2000193177 1806000 1729000
1 0 10000 100 2000000 2000193343 1807000 1730000
1 0 10000 100 2000000 2000193509 1808000 1731000
1 0 10000 100 2000000 2000193675 1809000 1732000
1 0 10000 100 2000000 2000193841 1810000 1733000
1 0 10000 100 2000000 2000194007 1811000 1734000
1 0 10000 100 2000000 2000194173 1812000 1735000
1 0 10000 100 2000000 2000194339 1813000 1736000
1 0 10000 100 2000000 2000194505 1814000 1737000
1 0 10000 100 2000000 2000194671 1815000 1738000
1 0 10000 100 2000000 2000194837 1816000 1739000
1 0 10000 100 2000000 2000195003 1817000 1740000
1 0 10000 100 2000000 2000195169 1818000 1741000
1 0 10000 100 2000000 2000195335 1819000 1742000
1 0 10000 100 2000000 2000195501 1820000 1743000
1 0 10000 100 2000000 2000195667 1821000 1744000
1 0 10000 100 2000000 2000195833 1822000 1745000
1 0 10000 100 2000000 2000195999 1823000 1746000
1 0 10000 100 2000000 2000196165 1824000 1747000
1 0 10000 100 2000000 2000196331 1825000 1748000
1 0 10000 100 2000000 2000196497 1826000 1749000
1 0 10000 100 2000000 2000196663 1827000 1750000
1 0 10000 100 2000000 2000196829 1828000 1751000
1 0 10000 100 2000000 2000196995 1829000 1752000
1 0 10000 100 2000000 2000197161 1830000 1753000
1 0 10000 100 2000000 2000197327 1831000 1754000
1 0 10000 100 2000000 2000197493 1832000 1755000
1 0 10000 100 2000000 2000197659 1833000 1756000
1 0 10000 100 2000000 2000197825 1834000 1757000
1 0 10000 100 2000000 2000197991 1835000 1758000
1 0 10000 100 2000000 2000198157 1836000 1759000
1 0 10000 100 2000000 2000198323 1837000 1760000
1 0 10000 100 2000000 2000198489 1838000 1761000
1 0 10000 100 2000000 2000198655 1839000 1762000
1 0 10000 100 2000000 2000198821 1840000 1763000
1 0 10000 100 2000000 2000198987 1841000 1764000
1 0 10000 100 2000000 2000199153 1842000 1765000
1 0 10000 100 2000000 2000199319 1843000 1766000
1 0 10000 100 2000000 2000199485 1844000 1767000
1 0 10000 100 2000000 2000199651 1845000 1768000
1 0 10000 100 2000000 2000199817 1846000 1769000
1 0 10000 100 2000000 2000199983 1847000 1770000
1 0 10000 100 2000000 2000200149 1848000 1771000
1 0 10000 100 2000000 2000200315 1849000 1772000
1 0 10000 100 2000000 2000200481 1850000 1773000
1 0 10000 100 2000000 2000200647 1851000 1774000
1 0 10000 100 2000000 2000200813 1852000 1775000
1 0 10000 100 2000000 2000200979 1853000 1776000
1 0 10000 100 2000000 2000201145 1854000 1777000
1 0 10000 100 2000000 2000201311 1855000 1778000
1 0 10000 100 2000000 2000201477 1856000 1779000
1 0 10000 100 2000000 2000201643 1857000 1780000
1 0 10000 100 2000000 2000201809 1858000 1781000
1 0 10000 100 2000000 2000201975 1859000 1782000
1 0 10000 100 2000000 2000202141 1860000 1783000
1 0 10000 100 2000000 2000202307 1861000 1784000
1 0 10000 100 2000000 2000202473 1862000 1785000
1 0 10000 100 2000000 2000202639 1863000 1786000
1 0 10000 100 2000000 2000202805 1864000 1787000
1 0 10000 100 2000000 2000202971 1865000 1788000
1 0 10000 100 2000000 2000203137 1866000 1789000
1 0 10000 100 2000000 2000203303 1867000 1790000
1 0 10000 100 2000000 2000203469 1868000 1791000
1 0 10000 100 2000000 2000203635 1869000 1792000
1 0 10000 100 2000000 2000203801 1870000 1793000
1 0 10000 100 2000000 2000203967 1871000 1794000
1 0 10000 100 2000000 2000204133 1872000 1795000
1 0 10000 100 2000000 2000204299 1873000 1796000
1 0 10000 100 2000000 2000204465 1874000 1797000
1 0 10000 100 2000000 2000204631 1875000 1798000
1 0 10000 100 2000000 2000204797 1876000 1799000
1 0 10000 100 2000000 2000204963 1877000 1800000
1 0 10000 100 2000000 2000205129 1878000 1801000
1 0 10000 100 2000000 2000205295 1879000 1802000
1 0 10000 100 2000000 2000205461 1880000 1803000
1 0 10000 100 2000000 2000205627 1881000 1804000
1 0 10000 100 2000000 2000205793 1882000 1805000
1 0 10000 100 2000000 2000205959 1883000 1806000
1 0 10000 100 2000000 2000206125 1884000 1807000
1 0 10000 100 2000000 2000206291 1885000 1808000
1 0 10000 100 2000000 2000206457 1886000 1809000
1 0 10000 100 2000000 2000206623 1887000 1810000
1 0 10000 100 2000000 2000206789 1888000 1811000
1 0 10000 100 2000000 2000206955 1889000 1812000
1 0 10000 100 2000000 2000207121 1890000 1813000
1 0 10000 100 2000000 2000207287 1891000 1814000
1 0 10000 100 2000000 2000207453 1892000 1815000
1 0 10000 100 2000000 2000207619 1893000 1816000
1 0 10000 100 2000000 2000207785 1894000 1817000
1 0 10000 100 2000000 2000207951 1895000 1818000
1 0 10000 100 2000000 2000208117 1896000 1819000
1 0 10000 100 2000000 2000208283 1897000 1820000
1 0 10000 100 2000000 2000208449 1898000 1821000
1 0 10000 100 2000000 2000208615 1899000 1822000
1 0 10000 100 2000000 2000208781 1900000 1823000
1 0 10000 100 2000000 2000208947 1901000 1824000
1 0 10000 100 2000000 2000209113 1902000 1825000
1 0 10000 100 2000000 2000209279 1903000 1826000
1 0 10000 100 2000000 2000209445 1904000 1827000
1 0 10000 100 2000000 2000209611 1905000 1828000
1 0 10000 100 2000000 2000209777 1906000 1829000
1 0 10000 100 2000000 2000209943 1907000 1830000
1 0 10000 100 2000000 2000210109 1908000 1831000
1 0 10000 100 2000000 2000210275 1909000 1832000
1 0 10000 100 2000000 2000210441 1910000 1833000
1 0 10000 100 2000000 2000210607 1911000 1834000
1 0 10000 100 2000000 2000210773 1912000 1835000
1 0 10000 100 2000000 2000210939 1913000 1836000
1 0 10000 100 2000000 2000211105 1914000 1837000
1 0 10000 100 2000000 2000211271 1915000 1838000
1 0 10000 100 2000000 2000211437 1916000 1839000
1 0 10000 100 2000000 2000211603 1917000 1840000
1 0 10000 100 2000000 2000211769 1918000 1841000
1 0 10000 100 2000000 2000211935 1919000 1842000
1 0 10000 100 2000000 2000212101 1920000 1843000
1 0 10000 100 2000000 2000212267 1921000 1844000
1 0 10000 100 2000000 2000212433 1922000 1845000
1 0 10000 100 2000000 2000212599 1923000 1846000
1 0 10000 100 2000000 2000219214 1924000 1860000
1 0 10000 100 2000000 2000219297 1925000 1860000
1 0 10000 100 2000000 2000219380 1926000 1860000
1 0 10000 100 2000000 2000219463 1927000 1861000
1 0 10000 100 2000000 2000219546 1928000 1861000
1 0 10000 100 2000000 2000219629 1929000 1861000
1 0 10000 100 2000000 2000219712 1930000 1861000
1 0 10000 100 2000000 2000219795 1931000 1861000
1 0 10000 100 2000000 2000219878 1932000 1861000
1 0 10000 100 2000000 2000219961 1933000 1862000
1 0 10000 100 2000000 2000220044 1934000 1862000
1 0 10000 100 2000000 2000220127 1935000 1862000
1 0 10000 100 2000000 2000220210 1936000 1862000
1 0 10000 100 2000000 2000220293 1937000 1862000
1 0 10000 100 2000000 2000220376 1938000 1862000
1 0 10000 100 2000000 2000220459 1939000 1863000
1 0 10000 100 2000000 2000220542 1940000 1863000
1 0 10000 100 2000000 2000220899 1941000 1864000
1 0 10000 100 2000000 2000221397 1942000 1865000
1 0 10000 100 2000000 2000221895 1943000 1866000
1 0 10000 100 2000000 2000228344 1944000 1878000
1 0 10000 100 2000000 2000228427 1945000 1879000
1 0 10000 100 2000000 2000228510 1946000 1879000
1 0 10000 100 2000000 2000228593 1947000 1879000
1 0 10000 100 2000000 2000228676 1948000 1879000
1 0 10000 100 2000000 2000228759 1949000 1879000
1 0 10000 100 2000000 2000228842 1950000 1879000
1 0 10000 100 2000000 2000228925 1951000 1880000
1 0 10000 100 2000000 2000229008 1952000 1880000
1 0 10000 100 2000000 2000229091 1953000 1880000
1 0 10000 100 2000000 2000229174 1954000 1880000
1 0 10000 100 2000000 2000229257 1955000 1880000
1 0 10000 100 2000000 2000229340 1956000 1880000
1 0 10000 100 2000000 2000229423 1957000 1881000
1 0 10000 100 2000000 2000229506 1958000 1881000
1 0 10000 100 2000000 2000229863 1959000 1882000
1 0 10000 100 2000000 2000230361 1960000 1883000
1 0 10000 100 2000000 2000230859 1961000 1884000
1 0 10000 100 2000000 2000231357 1962000 1885000
1 0 10000 100 2000000 2000231855 1963000 1886000
1 0 10000 100 2000000 2000232353 1964000 1887000
1 0 10000 100 2000000 2000232519 1965000 1888000
1 0 10000 100 2000000 2000232685 1966000 1889000
1 0 10000 100 2000000 2000232851 1967000 1890000
1 0 10000 100 2000000 2000233017 1968000 1891000
1 0 10000 100 2000000 2000233183 1969000 1892000
1 0 10000 100 2000000 2000233349 1970000 1893000
1 0 10000 100 2000000 2000233515 1971000 1894000
1 0 10000 100 2000000 2000233681 1972000 1895000
1 0 10000 100 2000000 2000233847 1973000 1896000
1 0 10000 100 2000000 2000234013 1974000 1897000
1 0 10000 100 2000000 2000234179 1975000 1898000
1 0 10000 100 2000000 2000234345 1976000 1899000
1 0 10000 100 2000000 2000234511 1977000 1900000
1 0 10000 100 2000000 2000234677 1978000 1901000
1 0 10000 100 2000000 2000234843 1979000 1902000
1 0 10000 100 2000000 2000235009 1980000 1903000
1 0 10000 100 2000000 2000235175 1981000 1904000
1 0 10000 100 2000000 2000235341 1982000 1905000
1 0 10000 100 2000000 2000235507 1983000 1906000
1 0 10000 100 2000000 2000235673 1984000 1907000
1 0 10000 100 2000000 2000235839 1985000 1908000
1 0 10000 100 2000000 2000236005 1986000 1909000
1 0 10000 100 2000000 2000236171 1987000 1910000
1 0 10000 100 2000000 2000236337 1988000 1911000
1 0 10000 100 2000000 2000236503 1989000 1912000
1 0 10000 100 2000000 2000236669 1990000 1913000
1 0 10000 100 2000000 2000236835 1991000 1914000
1 0 10000 100 2000000 2000237001 1992000 1915000
1 0 10000 100 2000000 2000237167 1993000 1916000
1 0 10000 100 2000000 2000237333 1994000 1917000
1 0 10000 100 2000000 2000237499 1995000 1918000
1 0 10000 100 2000000 2000242205 1996000 1924000
1 0 10000 100 2000000 2000242288 1997000 1924000
1 0 10000 100 2000000 2000242371 1998000 1924000
1 0 10000 100 2000000 2000242454 1999000 1924000
