1024
334 395 3 10000 2000000 0.0
404 414 3 10001 2000000 0.0
135 874 3 10002 2000000 0.0
867 727 3 10003 2000000 0.0
719 533 3 10004 2000000 0.0
893 719 3 10005 2000000 0.0
488 4 3 10006 2000000 0.0
431 730 3 10007 2000000 0.0
844 642 3 10008 2000000 0.0
836 447 3 10009 2000000 0.0
457 217 3 10010 2000000 0.0
116 839 3 10011 2000000 0.0
167 388 3 10012 2000000 0.0
550 166 3 10013 2000000 0.0
1023 589 3 10014 2000000 0.0
975 723 3 10015 2000000 0.0
542 609 3 10016 2000000 0.0
677 734 3 10017 2000000 0.0
247 576 3 10018 2000000 0.0
976 102 3 10019 2000000 0.0
181 815 3 10020 2000000 0.0
173 588 3 10021 2000000 0.0
601 264 3 10022 2000000 0.0
479 563 3 10023 2000000 0.0
961 411 3 10024 2000000 0.0
505 481 3 10025 2000000 0.0
531 137 3 10026 2000000 0.0
732 827 3 10027 2000000 0.0
721 859 3 10028 2000000 0.0
456 240 3 10029 2000000 0.0
841 941 3 10030 2000000 0.0
453 154 3 10031 2000000 0.0
214 151 3 10032 2000000 0.0
580 418 3 10033 2000000 0.0
85 205 3 10034 2000000 0.0
478 189 3 10035 2000000 0.0
833 222 3 10036 2000000 0.0
649 456 3 10037 2000000 0.0
717 686 3 10038 2000000 0.0
161 59 3 10039 2000000 0.0
767 381 3 10040 2000000 0.0
64 869 3 10041 2000000 0.0
312 163 3 10042 2000000 0.0
237 538 3 10043 2000000 0.0
702 248 3 10044 2000000 0.0
948 66 3 10045 2000000 0.0
188 331 3 10046 2000000 0.0
699 139 3 10047 2000000 0.0
781 519 3 10048 2000000 0.0
376 795 3 10049 2000000 0.0
401 917 3 10050 2000000 0.0
100 667 3 10051 2000000 0.0
765 358 3 10052 2000000 0.0
576 625 3 10053 2000000 0.0
588 757 3 10054 2000000 0.0
944 691 3 10055 2000000 0.0
166 892 3 10056 2000000 0.0
814 852 3 10057 2000000 0.0
952 644 3 10058 2000000 0.0
83 371 3 10059 2000000 0.0
202 622 3 10060 2000000 0.0
352 794 3 10061 2000000 0.0
752 887 3 10062 2000000 0.0
818 114 3 10063 2000000 0.0
615 520 3 10064 2000000 0.0
107 227 3 10065 2000000 0.0
504 792 3 10066 2000000 0.0
652 561 3 10067 2000000 0.0
1018 439 3 10068 2000000 0.0
111 271 3 10069 2000000 0.0
723 336 3 10070 2000000 0.0
698 593 3 10071 2000000 0.0
272 363 3 10072 2000000 0.0
350 699 3 10073 2000000 0.0
687 797 3 10074 2000000 0.0
378 493 3 10075 2000000 0.0
347 807 3 10076 2000000 0.0
626 444 3 10077 2000000 0.0
469 996 3 10078 2000000 0.0
684 634 3 10079 2000000 0.0
224 287 3 10080 2000000 0.0
428 21 3 10081 2000000 0.0
579 542 3 10082 2000000 0.0
37 8 3 10083 2000000 0.0
521 675 3 10084 2000000 0.0
925 387 3 10085 2000000 0.0
811 553 3 10086 2000000 0.0
957 556 3 10087 2000000 0.0
17 320 3 10088 2000000 0.0
175 940 3 10089 2000000 0.0
596 403 3 10090 2000000 0.0
295 800 3 10091 2000000 0.0
280 814 3 10092 2000000 0.0
475 846 3 10093 2000000 0.0
582 567 3 10094 2000000 0.0
966 96 3 10095 2000000 0.0
735 577 3 10096 2000000 0.0
80 602 3 10097 2000000 0.0
66 121 3 10098 2000000 0.0
1016 160 3 10099 2000000 0.0
298 362 3 10100 2000000 0.0
101 293 3 10101 2000000 0.0
462 17 3 10102 2000000 0.0
820 639 3 10103 2000000 0.0
884 435 3 10104 2000000 0.0
248 742 3 10105 2000000 0.0
772 932 3 10106 2000000 0.0
979 962 3 10107 2000000 0.0
40 573 3 10108 2000000 0.0
679 352 3 10109 2000000 0.0
595 862 3 10110 2000000 0.0
526 286 3 10111 2000000 0.0
403 907 3 10112 2000000 0.0
65 84 3 10113 2000000 0.0
92 1002 3 10114 2000000 0.0
734 373 3 10115 2000000 0.0
38 900 3 10116 2000000 0.0
235 552 3 10117 2000000 0.0
524 756 3 10118 2000000 0.0
519 696 3 10119 2000000 0.0
804 2 3 10120 2000000 0.0
159 254 3 10121 2000000 0.0
501 485 3 10122 2000000 0.0
863 943 3 10123 2000000 0.0
271 494 3 10124 2000000 0.0
466 738 3 10125 2000000 0.0
242 492 3 10126 2000000 0.0
291 584 3 10127 2000000 0.0
1015 715 3 10128 2000000 0.0
368 890 3 10129 2000000 0.0
422 621 3 10130 2000000 0.0
655 377 3 10131 2000000 0.0
110 891 3 10132 2000000 0.0
227 200 3 10133 2000000 0.0
641 138 3 10134 2000000 0.0
691 516 3 10135 2000000 0.0
905 451 3 10136 2000000 0.0
42 32 3 10137 2000000 0.0
240 969 3 10138 2000000 0.0
358 895 3 10139 2000000 0.0
187 385 3 10140 2000000 0.0
589 337 3 10141 2000000 0.0
476 551 3 10142 2000000 0.0
689 708 3 10143 2000000 0.0
416 741 3 10144 2000000 0.0
233 355 3 10145 2000000 0.0
121 340 3 10146 2000000 0.0
209 973 3 10147 2000000 0.0
924 190 3 10148 2000000 0.0
963 612 3 10149 2000000 0.0
12 870 3 10150 2000000 0.0
906 28 3 10151 2000000 0.0
956 47 3 10152 2000000 0.0
165 298 3 10153 2000000 0.0
713 787 3 10154 2000000 0.0
671 506 3 10155 2000000 0.0
172 994 3 10156 2000000 0.0
934 432 3 10157 2000000 0.0
553 288 3 10158 2000000 0.0
276 793 3 10159 2000000 0.0
328 607 3 10160 2000000 0.0
770 417 3 10161 2000000 0.0
899 490 3 10162 2000000 0.0
480 93 3 10163 2000000 0.0
370 421 3 10164 2000000 0.0
593 590 3 10165 2000000 0.0
499 386 3 10166 2000000 0.0
278 216 3 10167 2000000 0.0
126 1017 3 10168 2000000 0.0
74 476 3 10169 2000000 0.0
541 606 3 10170 2000000 0.0
974 750 3 10171 2000000 0.0
293 351 3 10172 2000000 0.0
176 935 3 10173 2000000 0.0
196 670 3 10174 2000000 0.0
316 25 3 10175 2000000 0.0
795 142 3 10176 2000000 0.0
87 927 3 10177 2000000 0.0
600 805 3 10178 2000000 0.0
651 761 3 10179 2000000 0.0
331 366 3 10180 2000000 0.0
193 858 3 10181 2000000 0.0
664 600 3 10182 2000000 0.0
20 295 3 10183 2000000 0.0
692 164 3 10184 2000000 0.0
809 132 3 10185 2000000 0.0
261 548 3 10186 2000000 0.0
832 18 3 10187 2000000 0.0
467 253 3 10188 2000000 0.0
634 251 3 10189 2000000 0.0
779 880 3 10190 2000000 0.0
392 69 3 10191 2000000 0.0
557 228 3 10192 2000000 0.0
246 341 3 10193 2000000 0.0
387 820 3 10194 2000000 0.0
712 709 3 10195 2000000 0.0
619 822 3 10196 2000000 0.0
830 280 3 10197 2000000 0.0
574 582 3 10198 2000000 0.0
1006 702 3 10199 2000000 0.0
442 992 3 10200 2000000 0.0
921 1001 3 10201 2000000 0.0
803 521 3 10202 2000000 0.0
955 15 3 10203 2000000 0.0
581 628 3 10204 2000000 0.0
807 376 3 10205 2000000 0.0
683 159 3 10206 2000000 0.0
828 678 3 10207 2000000 0.0
338 323 3 10208 2000000 0.0
616 236 3 10209 2000000 0.0
680 175 3 10210 2000000 0.0
789 325 3 10211 2000000 0.0
739 710 3 10212 2000000 0.0
421 942 3 10213 2000000 0.0
678 848 3 10214 2000000 0.0
411 206 3 10215 2000000 0.0
565 729 3 10216 2000000 0.0
923 134 3 10217 2000000 0.0
177 656 3 10218 2000000 0.0
967 35 3 10219 2000000 0.0
468 242 3 10220 2000000 0.0
571 103 3 10221 2000000 0.0
84 614 3 10222 2000000 0.0
823 739 3 10223 2000000 0.0
990 68 3 10224 2000000 0.0
148 249 3 10225 2000000 0.0
561 560 3 10226 2000000 0.0
449 504 3 10227 2000000 0.0
309 623 3 10228 2000000 0.0
1014 592 3 10229 2000000 0.0
938 39 3 10230 2000000 0.0
954 788 3 10231 2000000 0.0
436 56 3 10232 2000000 0.0
155 768 3 10233 2000000 0.0
940 838 3 10234 2000000 0.0
484 885 3 10235 2000000 0.0
613 378 3 10236 2000000 0.0
704 669 3 10237 2000000 0.0
727 663 3 10238 2000000 0.0
184 326 3 10239 2000000 0.0
631 510 3 10240 2000000 0.0
329 821 3 10241 2000000 0.0
47 737 3 10242 2000000 0.0
886 174 3 10243 2000000 0.0
345 503 3 10244 2000000 0.0
688 650 3 10245 2000000 0.0
939 282 3 10246 2000000 0.0
60 148 3 10247 2000000 0.0
117 771 3 10248 2000000 0.0
344 809 3 10249 2000000 0.0
527 657 3 10250 2000000 0.0
928 776 3 10251 2000000 0.0
761 528 3 10252 2000000 0.0
709 13 3 10253 2000000 0.0
856 412 3 10254 2000000 0.0
962 946 3 10255 2000000 0.0
1007 211 3 10256 2000000 0.0
514 394 3 10257 2000000 0.0
494 343 3 10258 2000000 0.0
211 170 3 10259 2000000 0.0
747 924 3 10260 2000000 0.0
859 1020 3 10261 2000000 0.0
389 980 3 10262 2000000 0.0
903 672 3 10263 2000000 0.0
782 203 3 10264 2000000 0.0
365 549 3 10265 2000000 0.0
427 905 3 10266 2000000 0.0
743 50 3 10267 2000000 0.0
780 319 3 10268 2000000 0.0
371 760 3 10269 2000000 0.0
418 409 3 10270 2000000 0.0
850 404 3 10271 2000000 0.0
838 62 3 10272 2000000 0.0
640 52 3 10273 2000000 0.0
311 541 3 10274 2000000 0.0
28 23 3 10275 2000000 0.0
414 229 3 10276 2000000 0.0
624 445 3 10277 2000000 0.0
299 307 3 10278 2000000 0.0
643 500 3 10279 2000000 0.0
281 847 3 10280 2000000 0.0
33 693 3 10281 2000000 0.0
59 850 3 10282 2000000 0.0
970 597 3 10283 2000000 0.0
292 356 3 10284 2000000 0.0
575 94 3 10285 2000000 0.0
448 11 3 10286 2000000 0.0
326 645 3 10287 2000000 0.0
99 108 3 10288 2000000 0.0
716 812 3 10289 2000000 0.0
877 923 3 10290 2000000 0.0
989 748 3 10291 2000000 0.0
748 407 3 10292 2000000 0.0
289 19 3 10293 2000000 0.0
703 970 3 10294 2000000 0.0
336 448 3 10295 2000000 0.0
555 993 3 10296 2000000 0.0
491 466 3 10297 2000000 0.0
930 220 3 10298 2000000 0.0
950 713 3 10299 2000000 0.0
362 652 3 10300 2000000 0.0
141 999 3 10301 2000000 0.0
103 806 3 10302 2000000 0.0
737 868 3 10303 2000000 0.0
662 316 3 10304 2000000 0.0
337 674 3 10305 2000000 0.0
245 226 3 10306 2000000 0.0
238 802 3 10307 2000000 0.0
343 328 3 10308 2000000 0.0
927 938 3 10309 2000000 0.0
433 471 3 10310 2000000 0.0
992 974 3 10311 2000000 0.0
58 197 3 10312 2000000 0.0
122 763 3 10313 2000000 0.0
90 313 3 10314 2000000 0.0
325 201 3 10315 2000000 0.0
998 646 3 10316 2000000 0.0
6 98 3 10317 2000000 0.0
260 14 3 10318 2000000 0.0
374 1012 3 10319 2000000 0.0
273 419 3 10320 2000000 0.0
386 171 3 10321 2000000 0.0
783 799 3 10322 2000000 0.0
958 292 3 10323 2000000 0.0
937 902 3 10324 2000000 0.0
443 878 3 10325 2000000 0.0
463 680 3 10326 2000000 0.0
738 661 3 10327 2000000 0.0
946 463 3 10328 2000000 0.0
67 1016 3 10329 2000000 0.0
258 70 3 10330 2000000 0.0
503 875 3 10331 2000000 0.0
741 83 3 10332 2000000 0.0
771 1018 3 10333 2000000 0.0
929 984 3 10334 2000000 0.0
810 311 3 10335 2000000 0.0
8 90 3 10336 2000000 0.0
18 1015 3 10337 2000000 0.0
19 863 3 10338 2000000 0.0
104 306 3 10339 2000000 0.0
971 832 3 10340 2000000 0.0
409 123 3 10341 2000000 0.0
852 344 3 10342 2000000 0.0
657 562 3 10343 2000000 0.0
113 985 3 10344 2000000 0.0
206 692 3 10345 2000000 0.0
200 958 3 10346 2000000 0.0
926 717 3 10347 2000000 0.0
391 473 3 10348 2000000 0.0
860 235 3 10349 2000000 0.0
604 48 3 10350 2000000 0.0
1017 706 3 10351 2000000 0.0
590 454 3 10352 2000000 0.0
410 532 3 10353 2000000 0.0
673 936 3 10354 2000000 0.0
706 735 3 10355 2000000 0.0
234 585 3 10356 2000000 0.0
97 676 3 10357 2000000 0.0
179 873 3 10358 2000000 0.0
21 610 3 10359 2000000 0.0
528 65 3 10360 2000000 0.0
139 210 3 10361 2000000 0.0
255 983 3 10362 2000000 0.0
373 662 3 10363 2000000 0.0
222 813 3 10364 2000000 0.0
123 668 3 10365 2000000 0.0
646 1005 3 10366 2000000 0.0
607 317 3 10367 2000000 0.0
647 413 3 10368 2000000 0.0
953 482 3 10369 2000000 0.0
483 192 3 10370 2000000 0.0
73 263 3 10371 2000000 0.0
610 952 3 10372 2000000 0.0
744 673 3 10373 2000000 0.0
973 158 3 10374 2000000 0.0
668 864 3 10375 2000000 0.0
486 986 3 10376 2000000 0.0
598 310 3 10377 2000000 0.0
520 1006 3 10378 2000000 0.0
25 136 3 10379 2000000 0.0
285 314 3 10380 2000000 0.0
304 390 3 10381 2000000 0.0
612 957 3 10382 2000000 0.0
205 89 3 10383 2000000 0.0
959 34 3 10384 2000000 0.0
284 774 3 10385 2000000 0.0
676 611 3 10386 2000000 0.0
147 290 3 10387 2000000 0.0
204 144 3 10388 2000000 0.0
566 658 3 10389 2000000 0.0
174 758 3 10390 2000000 0.0
201 72 3 10391 2000000 0.0
203 440 3 10392 2000000 0.0
10 1009 3 10393 2000000 0.0
192 780 3 10394 2000000 0.0
510 486 3 10395 2000000 0.0
78 270 3 10396 2000000 0.0
965 427 3 10397 2000000 0.0
981 1004 3 10398 2000000 0.0
695 860 3 10399 2000000 0.0
251 784 3 10400 2000000 0.0
446 505 3 10401 2000000 0.0
394 168 3 10402 2000000 0.0
221 1000 3 10403 2000000 0.0
980 782 3 10404 2000000 0.0
639 198 3 10405 2000000 0.0
515 79 3 10406 2000000 0.0
322 705 3 10407 2000000 0.0
988 746 3 10408 2000000 0.0
288 513 3 10409 2000000 0.0
986 613 3 10410 2000000 0.0
797 260 3 10411 2000000 0.0
912 443 3 10412 2000000 0.0
774 24 3 10413 2000000 0.0
98 120 3 10414 2000000 0.0
382 272 3 10415 2000000 0.0
425 126 3 10416 2000000 0.0
842 141 3 10417 2000000 0.0
855 252 3 10418 2000000 0.0
185 767 3 10419 2000000 0.0
518 196 3 10420 2000000 0.0
793 0 3 10421 2000000 0.0
754 961 3 10422 2000000 0.0
622 446 3 10423 2000000 0.0
77 731 3 10424 2000000 0.0
178 87 3 10425 2000000 0.0
831 426 3 10426 2000000 0.0
432 368 3 10427 2000000 0.0
506 127 3 10428 2000000 0.0
865 829 3 10429 2000000 0.0
0 840 3 10430 2000000 0.0
500 641 3 10431 2000000 0.0
71 535 3 10432 2000000 0.0
564 498 3 10433 2000000 0.0
7 105 3 10434 2000000 0.0
229 888 3 10435 2000000 0.0
137 470 3 10436 2000000 0.0
507 274 3 10437 2000000 0.0
408 468 3 10438 2000000 0.0
393 245 3 10439 2000000 0.0
465 791 3 10440 2000000 0.0
356 80 3 10441 2000000 0.0
45 6 3 10442 2000000 0.0
790 939 3 10443 2000000 0.0
570 769 3 10444 2000000 0.0
1 169 3 10445 2000000 0.0
63 57 3 10446 2000000 0.0
896 991 3 10447 2000000 0.0
430 688 3 10448 2000000 0.0
169 966 3 10449 2000000 0.0
742 155 3 10450 2000000 0.0
119 193 3 10451 2000000 0.0
897 365 3 10452 2000000 0.0
363 543 3 10453 2000000 0.0
777 194 3 10454 2000000 0.0
496 212 3 10455 2000000 0.0
279 925 3 10456 2000000 0.0
788 722 3 10457 2000000 0.0
710 913 3 10458 2000000 0.0
23 140 3 10459 2000000 0.0
690 431 3 10460 2000000 0.0
726 250 3 10461 2000000 0.0
226 278 3 10462 2000000 0.0
252 42 3 10463 2000000 0.0
872 380 3 10464 2000000 0.0
51 808 3 10465 2000000 0.0
497 402 3 10466 2000000 0.0
319 512 3 10467 2000000 0.0
675 308 3 10468 2000000 0.0
413 834 3 10469 2000000 0.0
76 63 3 10470 2000000 0.0
130 683 3 10471 2000000 0.0
805 258 3 10472 2000000 0.0
61 967 3 10473 2000000 0.0
847 107 3 10474 2000000 0.0
24 714 3 10475 2000000 0.0
630 728 3 10476 2000000 0.0
868 816 3 10477 2000000 0.0
333 586 3 10478 2000000 0.0
429 262 3 10479 2000000 0.0
49 184 3 10480 2000000 0.0
108 701 3 10481 2000000 0.0
554 406 3 10482 2000000 0.0
883 441 3 10483 2000000 0.0
143 405 3 10484 2000000 0.0
768 909 3 10485 2000000 0.0
464 517 3 10486 2000000 0.0
213 465 3 10487 2000000 0.0
283 752 3 10488 2000000 0.0
366 679 3 10489 2000000 0.0
763 430 3 10490 2000000 0.0
412 922 3 10491 2000000 0.0
144 162 3 10492 2000000 0.0
913 76 3 10493 2000000 0.0
125 234 3 10494 2000000 0.0
696 716 3 10495 2000000 0.0
215 22 3 10496 2000000 0.0
156 1014 3 10497 2000000 0.0
1002 765 3 10498 2000000 0.0
891 143 3 10499 2000000 0.0
361 681 3 10500 2000000 0.0
775 118 3 10501 2000000 0.0
89 526 3 10502 2000000 0.0
894 361 3 10503 2000000 0.0
400 987 3 10504 2000000 0.0
881 507 3 10505 2000000 0.0
266 704 3 10506 2000000 0.0
517 725 3 10507 2000000 0.0
659 745 3 10508 2000000 0.0
551 653 3 10509 2000000 0.0
317 598 3 10510 2000000 0.0
357 955 3 10511 2000000 0.0
949 910 3 10512 2000000 0.0
757 496 3 10513 2000000 0.0
951 477 3 10514 2000000 0.0
845 690 3 10515 2000000 0.0
627 369 3 10516 2000000 0.0
650 116 3 10517 2000000 0.0
827 949 3 10518 2000000 0.0
978 111 3 10519 2000000 0.0
1013 721 3 10520 2000000 0.0
993 618 3 10521 2000000 0.0
878 354 3 10522 2000000 0.0
189 700 3 10523 2000000 0.0
987 995 3 10524 2000000 0.0
16 547 3 10525 2000000 0.0
162 152 3 10526 2000000 0.0
320 309 3 10527 2000000 0.0
217 747 3 10528 2000000 0.0
395 495 3 10529 2000000 0.0
68 379 3 10530 2000000 0.0
941 783 3 10531 2000000 0.0
115 971 3 10532 2000000 0.0
724 77 3 10533 2000000 0.0
786 95 3 10534 2000000 0.0
11 830 3 10535 2000000 0.0
999 458 3 10536 2000000 0.0
997 133 3 10537 2000000 0.0
808 620 3 10538 2000000 0.0
552 703 3 10539 2000000 0.0
332 906 3 10540 2000000 0.0
800 225 3 10541 2000000 0.0
663 360 3 10542 2000000 0.0
796 824 3 10543 2000000 0.0
256 49 3 10544 2000000 0.0
81 165 3 10545 2000000 0.0
764 896 3 10546 2000000 0.0
636 568 3 10547 2000000 0.0
420 605 3 10548 2000000 0.0
398 818 3 10549 2000000 0.0
458 397 3 10550 2000000 0.0
572 615 3 10551 2000000 0.0
307 546 3 10552 2000000 0.0
424 67 3 10553 2000000 0.0
489 766 3 10554 2000000 0.0
824 147 3 10555 2000000 0.0
681 817 3 10556 2000000 0.0
335 901 3 10557 2000000 0.0
210 177 3 10558 2000000 0.0
127 571 3 10559 2000000 0.0
388 119 3 10560 2000000 0.0
346 865 3 10561 2000000 0.0
287 1010 3 10562 2000000 0.0
835 960 3 10563 2000000 0.0
895 544 3 10564 2000000 0.0
69 796 3 10565 2000000 0.0
1010 570 3 10566 2000000 0.0
525 215 3 10567 2000000 0.0
511 348 3 10568 2000000 0.0
390 682 3 10569 2000000 0.0
791 29 3 10570 2000000 0.0
473 255 3 10571 2000000 0.0
26 338 3 10572 2000000 0.0
523 664 3 10573 2000000 0.0
900 60 3 10574 2000000 0.0
559 370 3 10575 2000000 0.0
57 754 3 10576 2000000 0.0
106 367 3 10577 2000000 0.0
182 112 3 10578 2000000 0.0
633 819 3 10579 2000000 0.0
638 267 3 10580 2000000 0.0
843 640 3 10581 2000000 0.0
95 204 3 10582 2000000 0.0
290 744 3 10583 2000000 0.0
232 903 3 10584 2000000 0.0
875 781 3 10585 2000000 0.0
629 514 3 10586 2000000 0.0
360 736 3 10587 2000000 0.0
477 182 3 10588 2000000 0.0
759 638 3 10589 2000000 0.0
801 836 3 10590 2000000 0.0
861 219 3 10591 2000000 0.0
13 410 3 10592 2000000 0.0
522 572 3 10593 2000000 0.0
792 557 3 10594 2000000 0.0
437 129 3 10595 2000000 0.0
537 183 3 10596 2000000 0.0
52 277 3 10597 2000000 0.0
225 125 3 10598 2000000 0.0
348 342 3 10599 2000000 0.0
665 315 3 10600 2000000 0.0
585 559 3 10601 2000000 0.0
9 41 3 10602 2000000 0.0
516 619 3 10603 2000000 0.0
543 635 3 10604 2000000 0.0
323 221 3 10605 2000000 0.0
249 569 3 10606 2000000 0.0
674 975 3 10607 2000000 0.0
618 124 3 10608 2000000 0.0
969 283 3 10609 2000000 0.0
785 555 3 10610 2000000 0.0
263 871 3 10611 2000000 0.0
621 469 3 10612 2000000 0.0
708 990 3 10613 2000000 0.0
54 467 3 10614 2000000 0.0
157 92 3 10615 2000000 0.0
694 624 3 10616 2000000 0.0
146 239 3 10617 2000000 0.0
22 99 3 10618 2000000 0.0
837 511 3 10619 2000000 0.0
27 849 3 10620 2000000 0.0
787 671 3 10621 2000000 0.0
1001 97 3 10622 2000000 0.0
56 627 3 10623 2000000 0.0
533 45 3 10624 2000000 0.0
584 998 3 10625 2000000 0.0
815 608 3 10626 2000000 0.0
82 937 3 10627 2000000 0.0
314 1022 3 10628 2000000 0.0
136 400 3 10629 2000000 0.0
603 382 3 10630 2000000 0.0
728 401 3 10631 2000000 0.0
105 733 3 10632 2000000 0.0
729 823 3 10633 2000000 0.0
935 866 3 10634 2000000 0.0
512 798 3 10635 2000000 0.0
493 732 3 10636 2000000 0.0
35 350 3 10637 2000000 0.0
586 775 3 10638 2000000 0.0
661 786 3 10639 2000000 0.0
195 321 3 10640 2000000 0.0
487 199 3 10641 2000000 0.0
384 269 3 10642 2000000 0.0
198 233 3 10643 2000000 0.0
908 856 3 10644 2000000 0.0
549 743 3 10645 2000000 0.0
592 894 3 10646 2000000 0.0
472 241 3 10647 2000000 0.0
816 462 3 10648 2000000 0.0
942 461 3 10649 2000000 0.0
419 329 3 10650 2000000 0.0
495 785 3 10651 2000000 0.0
755 933 3 10652 2000000 0.0
426 523 3 10653 2000000 0.0
880 279 3 10654 2000000 0.0
253 654 3 10655 2000000 0.0
231 677 3 10656 2000000 0.0
339 61 3 10657 2000000 0.0
991 502 3 10658 2000000 0.0
265 920 3 10659 2000000 0.0
1003 912 3 10660 2000000 0.0
29 897 3 10661 2000000 0.0
538 855 3 10662 2000000 0.0
834 453 3 10663 2000000 0.0
985 247 3 10664 2000000 0.0
769 726 3 10665 2000000 0.0
725 224 3 10666 2000000 0.0
154 420 3 10667 2000000 0.0
274 718 3 10668 2000000 0.0
945 5 3 10669 2000000 0.0
482 524 3 10670 2000000 0.0
396 536 3 10671 2000000 0.0
415 218 3 10672 2000000 0.0
889 963 3 10673 2000000 0.0
96 591 3 10674 2000000 0.0
112 438 3 10675 2000000 0.0
41 685 3 10676 2000000 0.0
749 422 3 10677 2000000 0.0
637 826 3 10678 2000000 0.0
164 179 3 10679 2000000 0.0
904 487 3 10680 2000000 0.0
642 631 3 10681 2000000 0.0
341 117 3 10682 2000000 0.0
93 762 3 10683 2000000 0.0
277 113 3 10684 2000000 0.0
536 161 3 10685 2000000 0.0
109 778 3 10686 2000000 0.0
15 231 3 10687 2000000 0.0
849 423 3 10688 2000000 0.0
31 599 3 10689 2000000 0.0
705 53 3 10690 2000000 0.0
381 914 3 10691 2000000 0.0
887 527 3 10692 2000000 0.0
267 257 3 10693 2000000 0.0
305 157 3 10694 2000000 0.0
730 399 3 10695 2000000 0.0
152 304 3 10696 2000000 0.0
306 515 3 10697 2000000 0.0
406 429 3 10698 2000000 0.0
1021 530 3 10699 2000000 0.0
379 595 3 10700 2000000 0.0
546 956 3 10701 2000000 0.0
760 978 3 10702 2000000 0.0
628 1 3 10703 2000000 0.0
118 372 3 10704 2000000 0.0
758 578 3 10705 2000000 0.0
560 525 3 10706 2000000 0.0
55 346 3 10707 2000000 0.0
635 460 3 10708 2000000 0.0
402 522 3 10709 2000000 0.0
587 977 3 10710 2000000 0.0
916 574 3 10711 2000000 0.0
451 947 3 10712 2000000 0.0
879 104 3 10713 2000000 0.0
244 347 3 10714 2000000 0.0
1012 659 3 10715 2000000 0.0
873 145 3 10716 2000000 0.0
48 333 3 10717 2000000 0.0
218 764 3 10718 2000000 0.0
270 149 3 10719 2000000 0.0
353 934 3 10720 2000000 0.0
1004 997 3 10721 2000000 0.0
1020 153 3 10722 2000000 0.0
490 436 3 10723 2000000 0.0
91 529 3 10724 2000000 0.0
153 1013 3 10725 2000000 0.0
697 478 3 10726 2000000 0.0
254 172 3 10727 2000000 0.0
819 926 3 10728 2000000 0.0
128 223 3 10729 2000000 0.0
558 908 3 10730 2000000 0.0
170 415 3 10731 2000000 0.0
330 772 3 10732 2000000 0.0
50 474 3 10733 2000000 0.0
132 428 3 10734 2000000 0.0
995 357 3 10735 2000000 0.0
547 259 3 10736 2000000 0.0
784 393 3 10737 2000000 0.0
902 296 3 10738 2000000 0.0
444 178 3 10739 2000000 0.0
862 297 3 10740 2000000 0.0
599 531 3 10741 2000000 0.0
452 335 3 10742 2000000 0.0
922 130 3 10743 2000000 0.0
369 603 3 10744 2000000 0.0
102 26 3 10745 2000000 0.0
131 604 3 10746 2000000 0.0
355 755 3 10747 2000000 0.0
34 256 3 10748 2000000 0.0
1022 872 3 10749 2000000 0.0
397 630 3 10750 2000000 0.0
882 945 3 10751 2000000 0.0
310 660 3 10752 2000000 0.0
315 483 3 10753 2000000 0.0
223 965 3 10754 2000000 0.0
802 484 3 10755 2000000 0.0
377 273 3 10756 2000000 0.0
851 695 3 10757 2000000 0.0
53 1021 3 10758 2000000 0.0
151 711 3 10759 2000000 0.0
876 694 3 10760 2000000 0.0
445 636 3 10761 2000000 0.0
540 58 3 10762 2000000 0.0
296 86 3 10763 2000000 0.0
62 46 3 10764 2000000 0.0
340 921 3 10765 2000000 0.0
917 689 3 10766 2000000 0.0
947 480 3 10767 2000000 0.0
492 898 3 10768 2000000 0.0
460 633 3 10769 2000000 0.0
194 844 3 10770 2000000 0.0
313 207 3 10771 2000000 0.0
669 545 3 10772 2000000 0.0
4 135 3 10773 2000000 0.0
614 40 3 10774 2000000 0.0
46 180 3 10775 2000000 0.0
776 391 3 10776 2000000 0.0
848 853 3 10777 2000000 0.0
88 332 3 10778 2000000 0.0
471 334 3 10779 2000000 0.0
407 230 3 10780 2000000 0.0
324 575 3 10781 2000000 0.0
840 289 3 10782 2000000 0.0
794 833 3 10783 2000000 0.0
885 232 3 10784 2000000 0.0
1008 364 3 10785 2000000 0.0
208 392 3 10786 2000000 0.0
438 637 3 10787 2000000 0.0
294 651 3 10788 2000000 0.0
606 649 3 10789 2000000 0.0
250 327 3 10790 2000000 0.0
933 284 3 10791 2000000 0.0
918 167 3 10792 2000000 0.0
602 1019 3 10793 2000000 0.0
798 43 3 10794 2000000 0.0
799 27 3 10795 2000000 0.0
220 539 3 10796 2000000 0.0
853 558 3 10797 2000000 0.0
435 349 3 10798 2000000 0.0
264 687 3 10799 2000000 0.0
149 31 3 10800 2000000 0.0
756 106 3 10801 2000000 0.0
160 804 3 10802 2000000 0.0
731 146 3 10803 2000000 0.0
513 188 3 10804 2000000 0.0
385 534 3 10805 2000000 0.0
32 488 3 10806 2000000 0.0
303 648 3 10807 2000000 0.0
212 801 3 10808 2000000 0.0
685 1007 3 10809 2000000 0.0
228 497 3 10810 2000000 0.0
485 831 3 10811 2000000 0.0
529 36 3 10812 2000000 0.0
545 238 3 10813 2000000 0.0
573 398 3 10814 2000000 0.0
871 303 3 10815 2000000 0.0
158 101 3 10816 2000000 0.0
342 455 3 10817 2000000 0.0
327 707 3 10818 2000000 0.0
5 928 3 10819 2000000 0.0
36 1003 3 10820 2000000 0.0
914 594 3 10821 2000000 0.0
534 751 3 10822 2000000 0.0
481 828 3 10823 2000000 0.0
79 305 3 10824 2000000 0.0
715 302 3 10825 2000000 0.0
611 128 3 10826 2000000 0.0
968 904 3 10827 2000000 0.0
275 38 3 10828 2000000 0.0
308 187 3 10829 2000000 0.0
417 110 3 10830 2000000 0.0
124 12 3 10831 2000000 0.0
318 3 3 10832 2000000 0.0
996 877 3 10833 2000000 0.0
3 499 3 10834 2000000 0.0
539 472 3 10835 2000000 0.0
94 131 3 10836 2000000 0.0
660 964 3 10837 2000000 0.0
351 450 3 10838 2000000 0.0
943 566 3 10839 2000000 0.0
864 75 3 10840 2000000 0.0
711 214 3 10841 2000000 0.0
556 697 3 10842 2000000 0.0
826 930 3 10843 2000000 0.0
569 684 3 10844 2000000 0.0
609 246 3 10845 2000000 0.0
658 753 3 10846 2000000 0.0
964 854 3 10847 2000000 0.0
70 54 3 10848 2000000 0.0
171 564 3 10849 2000000 0.0
901 82 3 10850 2000000 0.0
114 881 3 10851 2000000 0.0
568 632 3 10852 2000000 0.0
994 78 3 10853 2000000 0.0
806 312 3 10854 2000000 0.0
168 285 3 10855 2000000 0.0
197 944 3 10856 2000000 0.0
302 724 3 10857 2000000 0.0
186 770 3 10858 2000000 0.0
349 10 3 10859 2000000 0.0
583 580 3 10860 2000000 0.0
745 518 3 10861 2000000 0.0
597 416 3 10862 2000000 0.0
367 982 3 10863 2000000 0.0
39 779 3 10864 2000000 0.0
605 51 3 10865 2000000 0.0
915 665 3 10866 2000000 0.0
594 581 3 10867 2000000 0.0
43 396 3 10868 2000000 0.0
632 950 3 10869 2000000 0.0
216 629 3 10870 2000000 0.0
508 437 3 10871 2000000 0.0
740 353 3 10872 2000000 0.0
243 299 3 10873 2000000 0.0
617 931 3 10874 2000000 0.0
720 948 3 10875 2000000 0.0
140 841 3 10876 2000000 0.0
672 899 3 10877 2000000 0.0
733 550 3 10878 2000000 0.0
532 1023 3 10879 2000000 0.0
383 837 3 10880 2000000 0.0
645 434 3 10881 2000000 0.0
874 1011 3 10882 2000000 0.0
722 213 3 10883 2000000 0.0
936 501 3 10884 2000000 0.0
359 85 3 10885 2000000 0.0
822 33 3 10886 2000000 0.0
778 565 3 10887 2000000 0.0
257 647 3 10888 2000000 0.0
753 330 3 10889 2000000 0.0
423 156 3 10890 2000000 0.0
750 384 3 10891 2000000 0.0
163 275 3 10892 2000000 0.0
932 876 3 10893 2000000 0.0
654 324 3 10894 2000000 0.0
455 911 3 10895 2000000 0.0
858 953 3 10896 2000000 0.0
714 540 3 10897 2000000 0.0
983 915 3 10898 2000000 0.0
509 893 3 10899 2000000 0.0
145 981 3 10900 2000000 0.0
1009 616 3 10901 2000000 0.0
44 202 3 10902 2000000 0.0
888 1008 3 10903 2000000 0.0
434 861 3 10904 2000000 0.0
736 790 3 10905 2000000 0.0
2 508 3 10906 2000000 0.0
399 976 3 10907 2000000 0.0
474 173 3 10908 2000000 0.0
644 452 3 10909 2000000 0.0
666 655 3 10910 2000000 0.0
960 749 3 10911 2000000 0.0
75 301 3 10912 2000000 0.0
134 879 3 10913 2000000 0.0
375 37 3 10914 2000000 0.0
718 479 3 10915 2000000 0.0
199 74 3 10916 2000000 0.0
907 617 3 10917 2000000 0.0
920 491 3 10918 2000000 0.0
578 115 3 10919 2000000 0.0
241 209 3 10920 2000000 0.0
563 261 3 10921 2000000 0.0
502 318 3 10922 2000000 0.0
591 583 3 10923 2000000 0.0
1005 643 3 10924 2000000 0.0
910 916 3 10925 2000000 0.0
405 64 3 10926 2000000 0.0
286 979 3 10927 2000000 0.0
620 457 3 10928 2000000 0.0
982 55 3 10929 2000000 0.0
470 803 3 10930 2000000 0.0
380 851 3 10931 2000000 0.0
259 408 3 10932 2000000 0.0
977 919 3 10933 2000000 0.0
535 626 3 10934 2000000 0.0
183 596 3 10935 2000000 0.0
207 968 3 10936 2000000 0.0
300 122 3 10937 2000000 0.0
180 81 3 10938 2000000 0.0
548 537 3 10939 2000000 0.0
454 442 3 10940 2000000 0.0
746 810 3 10941 2000000 0.0
693 554 3 10942 2000000 0.0
450 954 3 10943 2000000 0.0
138 339 3 10944 2000000 0.0
766 720 3 10945 2000000 0.0
625 191 3 10946 2000000 0.0
567 759 3 10947 2000000 0.0
459 989 3 10948 2000000 0.0
707 464 3 10949 2000000 0.0
269 208 3 10950 2000000 0.0
648 176 3 10951 2000000 0.0
817 243 3 10952 2000000 0.0
608 424 3 10953 2000000 0.0
839 109 3 10954 2000000 0.0
354 16 3 10955 2000000 0.0
120 9 3 10956 2000000 0.0
670 835 3 10957 2000000 0.0
321 867 3 10958 2000000 0.0
653 71 3 10959 2000000 0.0
440 811 3 10960 2000000 0.0
984 244 3 10961 2000000 0.0
372 972 3 10962 2000000 0.0
686 266 3 10963 2000000 0.0
439 20 3 10964 2000000 0.0
577 100 3 10965 2000000 0.0
562 425 3 10966 2000000 0.0
773 359 3 10967 2000000 0.0
919 433 3 10968 2000000 0.0
498 475 3 10969 2000000 0.0
239 389 3 10970 2000000 0.0
870 587 3 10971 2000000 0.0
364 181 3 10972 2000000 0.0
262 91 3 10973 2000000 0.0
898 489 3 10974 2000000 0.0
812 30 3 10975 2000000 0.0
142 374 3 10976 2000000 0.0
972 601 3 10977 2000000 0.0
447 883 3 10978 2000000 0.0
1000 300 3 10979 2000000 0.0
461 929 3 10980 2000000 0.0
846 265 3 10981 2000000 0.0
268 918 3 10982 2000000 0.0
825 951 3 10983 2000000 0.0
909 886 3 10984 2000000 0.0
829 666 3 10985 2000000 0.0
813 773 3 10986 2000000 0.0
892 237 3 10987 2000000 0.0
86 150 3 10988 2000000 0.0
1011 777 3 10989 2000000 0.0
854 88 3 10990 2000000 0.0
282 959 3 10991 2000000 0.0
14 322 3 10992 2000000 0.0
623 44 3 10993 2000000 0.0
1019 186 3 10994 2000000 0.0
857 842 3 10995 2000000 0.0
129 268 3 10996 2000000 0.0
441 789 3 10997 2000000 0.0
30 884 3 10998 2000000 0.0
301 889 3 10999 2000000 0.0
762 345 3 11000 2000000 0.0
219 740 3 11001 2000000 0.0
866 294 3 11002 2000000 0.0
544 698 3 11003 2000000 0.0
72 383 3 11004 2000000 0.0
133 185 3 11005 2000000 0.0
191 988 3 11006 2000000 0.0
751 281 3 11007 2000000 0.0
656 857 3 11008 2000000 0.0
230 509 3 11009 2000000 0.0
890 291 3 11010 2000000 0.0
150 843 3 11011 2000000 0.0
682 195 3 11012 2000000 0.0
236 845 3 11013 2000000 0.0
667 375 3 11014 2000000 0.0
190 7 3 11015 2000000 0.0
911 449 3 11016 2000000 0.0
869 712 3 11017 2000000 0.0
821 459 3 11018 2000000 0.0
700 276 3 11019 2000000 0.0
931 882 3 11020 2000000 0.0
701 73 3 11021 2000000 0.0
297 579 3 11022 2000000 0.0
530 825 3 11023 2000000 0.0
