4
1 0 3 100 30000000 2
2 0 3 100 30000000 2
3 0 3 100 30000000 2
4 0 3 100 30000000 2
5 0 3 100 30000000 2
6 0 3 100 30000000 2
7 0 3 100 30000000 2
8 0 3 100 30000000 2
9 0 3 100 30000000 2
10 0 3 100 30000000 2
11 0 3 100 30000000 2
12 0 3 100 30000000 2
13 0 3 100 30000000 2
14 0 3 100 30000000 2
15 0 3 100 30000000 2
16 0 3 100 30000000 2
17 0 3 100 30000000 2
18 0 3 100 30000000 2
19 0 3 100 30000000 2
20 0 3 100 30000000 2
21 0 3 100 30000000 2
22 0 3 100 30000000 2
23 0 3 100 30000000 2
24 0 3 100 30000000 2
25 0 3 100 30000000 2
26 0 3 100 30000000 2
27 0 3 100 30000000 2
28 0 3 100 30000000 2
29 0 3 100 30000000 2
30 0 3 100 30000000 2
31 0 3 100 30000000 2
32 0 3 100 30000000 2
33 0 3 100 30000000 2
34 0 3 100 30000000 2
35 0 3 100 30000000 2
36 0 3 100 30000000 2
37 0 3 100 30000000 2
38 0 3 100 30000000 2
39 0 3 100 30000000 2
40 0 3 100 30000000 2
41 0 3 100 30000000 2
42 0 3 100 30000000 2
43 0 3 100 30000000 2
44 0 3 100 30000000 2
45 0 3 100 30000000 2
46 0 3 100 30000000 2
47 0 3 100 30000000 2
48 0 3 100 30000000 2
49 0 3 100 30000000 2
50 0 3 100 30000000 2
51 0 3 100 30000000 2
52 0 3 100 30000000 2
53 0 3 100 30000000 2
54 0 3 100 30000000 2
55 0 3 100 30000000 2
56 0 3 100 30000000 2
57 0 3 100 30000000 2
58 0 3 100 30000000 2
59 0 3 100 30000000 2
60 0 3 100 30000000 2
61 0 3 100 30000000 2
62 0 3 100 30000000 2
63 0 3 100 30000000 2
64 0 3 100 30000000 2
65 0 3 100 30000000 2
66 0 3 100 30000000 2
67 0 3 100 30000000 2
68 0 3 100 30000000 2
69 0 3 100 30000000 2
70 0 3 100 30000000 2
71 0 3 100 30000000 2
72 0 3 100 30000000 2
73 0 3 100 30000000 2
74 0 3 100 30000000 2
75 0 3 100 30000000 2
76 0 3 100 30000000 2
77 0 3 100 30000000 2
78 0 3 100 30000000 2
79 0 3 100 30000000 2
80 0 3 100 30000000 2
81 0 3 100 30000000 2
82 0 3 100 30000000 2
83 0 3 100 30000000 2
84 0 3 100 30000000 2
85 0 3 100 30000000 2
86 0 3 100 30000000 2
87 0 3 100 30000000 2
88 0 3 100 30000000 2
89 0 3 100 30000000 2
90 0 3 100 30000000 2
91 0 3 100 30000000 2
92 0 3 100 30000000 2
93 0 3 100 30000000 2
94 0 3 100 30000000 2
95 0 3 100 30000000 2
96 0 3 100 30000000 2
97 0 3 100 30000000 2
98 0 3 100 30000000 2
99 0 3 100 30000000 2
100 0 3 100 30000000 2

