14
0 2 3 100 60000000 2
1 3 3 100 30000000 2
4 3 3 100 100000 2.000500000
5 3 3 100 100000 2.000500000
6 3 3 100 100000 2.000500000
7 3 3 100 100000 2.000500000
10 3 3 100 100000 2.000500000
11 3 3 100 100000 2.000500000
12 3 3 100 100000 2.000500000
13 3 3 100 100000 2.000500000
14 3 3 100 100000 2.000500000
15 3 3 100 100000 2.000500000
16 3 3 100 100000 2.000500000
17 3 3 100 100000 2.000500000
18 3 3 100 100000 2.000500000
19 3 3 100 100000 2.000500000



8 4 3 100 10000 2.000011000
9 4 3 100 10000 2.000011000
10 4 3 100 10000 2.000011000
8 4 3 100 10000 2.000013000
9 4 3 100 10000 2.000013000
10 4 3 100 10000 2.000013000
8 4 3 100 10000 2.000015000
9 4 3 100 10000 2.000015000
10 4 3 100 10000 2.000015000
8 4 3 100 10000 2.000017000
9 4 3 100 10000 2.000017000
10 4 3 100 10000 2.000017000
8 4 3 100 10000 2.000019000
9 4 3 100 10000 2.000019000
10 4 3 100 10000 2.000019000
8 4 3 100 10000 2.000021000
9 4 3 100 10000 2.000021000
10 4 3 100 10000 2.000021000
8 4 3 100 10000 2.000023000
9 4 3 100 10000 2.000023000
10 4 3 100 10000 2.000023000
8 4 3 100 10000 2.000025000
9 4 3 100 10000 2.000025000
10 4 3 100 10000 2.000025000
8 4 3 100 10000 2.000027000
9 4 3 100 10000 2.000027000
10 4 3 100 10000 2.000027000
8 4 3 100 10000 2.000029000
9 4 3 100 10000 2.000029000
10 4 3 100 10000 2.000029000
8 4 3 100 10000 2.000031000
9 4 3 100 10000 2.000031000
10 4 3 100 10000 2.000031000
8 4 3 100 10000 2.000033000
9 4 3 100 10000 2.000033000
10 4 3 100 10000 2.000033000
8 4 3 100 10000 2.000035000
9 4 3 100 10000 2.000035000
10 4 3 100 10000 2.000035000

11 4 3 100 10000 2.000013000
12 4 3 100 10000 2.000013000
13 4 3 100 10000 2.000013000
14 4 3 100 10000 2.000015000
15 4 3 100 10000 2.000015000
16 4 3 100 10000 2.000015000

17 4 3 100 10000 2.000017000
18 4 3 100 10000 2.000017000
19 4 3 100 10000 2.000017000
11 4 3 100 10000 2.000019000
12 4 3 100 10000 2.000019000
13 4 3 100 10000 2.000019000
11 4 3 100 10000 2.000021000
12 4 3 100 10000 2.000021000
13 4 3 100 10000 2.000021000
11 4 3 100 10000 2.000023000
12 4 3 100 10000 2.000023000
13 4 3 100 10000 2.000023000
11 4 3 100 10000 2.000025000
12 4 3 100 10000 2.000025000
13 4 3 100 10000 2.000025000
11 4 3 100 10000 2.000027000
12 4 3 100 10000 2.000027000
13 4 3 100 10000 2.000027000
11 4 3 100 10000 2.000029000
12 4 3 100 10000 2.000029000
13 4 3 100 10000 2.000029000
11 4 3 100 10000 2.000031000
12 4 3 100 10000 2.000031000
13 4 3 100 10000 2.000031000
11 4 3 100 10000 2.000033000
12 4 3 100 10000 2.000033000
13 4 3 100 10000 2.000033000
11 4 3 100 10000 2.000035000
12 4 3 100 10000 2.000035000
13 4 3 100 10000 2.000035000


8 4 3 100 10000 2.000013000
9 4 3 100 10000 2.000013000
10 4 3 100 10000 2.000013000
8 4 3 100 10000 2.000015000
9 4 3 100 10000 2.000015000
10 4 3 100 10000 2.000015000
8 4 3 100 10000 2.000017000
9 4 3 100 10000 2.000017000
10 4 3 100 10000 2.000017000
8 4 3 100 10000 2.000019000
9 4 3 100 10000 2.000019000
10 4 3 100 10000 2.000019000
8 4 3 100 10000 2.000021000
9 4 3 100 10000 2.000021000
10 4 3 100 10000 2.000021000
8 4 3 100 10000 2.000023000
9 4 3 100 10000 2.000023000
10 4 3 100 10000 2.000023000
8 4 3 100 10000 2.000025000
9 4 3 100 10000 2.000025000
10 4 3 100 10000 2.000025000
8 4 3 100 10000 2.000027000
9 4 3 100 10000 2.000027000
10 4 3 100 10000 2.000027000
8 4 3 100 10000 2.000029000
9 4 3 100 10000 2.000029000
10 4 3 100 10000 2.000029000
8 4 3 100 10000 2.000031000
9 4 3 100 10000 2.000031000
10 4 3 100 10000 2.000031000
8 4 3 100 10000 2.000033000
9 4 3 100 10000 2.000033000
10 4 3 100 10000 2.000033000
8 4 3 100 10000 2.000035000
9 4 3 100 10000 2.000035000
10 4 3 100 10000 2.000035000