1024
0 3 3 100 209715200 2.000000000
1 24 3 100 209715200 2.000000000
2 17 3 100 209715200 2.000000000
3 28 3 100 209715200 2.000000000
4 29 3 100 209715200 2.000000000
5 13 3 100 209715200 2.000000000
6 27 3 100 209715200 2.000000000
7 19 3 100 209715200 2.000000000
8 20 3 100 209715200 2.000000000
9 21 3 100 209715200 2.000000000
10 12 3 100 209715200 2.000000000
11 13 3 100 209715200 2.000000000
12 9 3 100 209715200 2.000000000
13 31 3 100 209715200 2.000000000
14 15 3 100 209715200 2.000000000
15 28 3 100 209715200 2.000000000
16 25 3 100 209715200 2.000000000
17 6 3 100 209715200 2.000000000
18 19 3 100 209715200 2.000000000
19 21 3 100 209715200 2.000000000
20 15 3 100 209715200 2.000000000
21 24 3 100 209715200 2.000000000
22 30 3 100 209715200 2.000000000
23 25 3 100 209715200 2.000000000
24 6 3 100 209715200 2.000000000
25 18 3 100 209715200 2.000000000
26 8 3 100 209715200 2.000000000
27 25 3 100 209715200 2.000000000
28 12 3 100 209715200 2.000000000
29 7 3 100 209715200 2.000000000
30 3 3 100 209715200 2.000000000
31 12 3 100 209715200 2.000000000
32 17 3 100 209715200 2.000000000
33 31 3 100 209715200 2.000000000
34 29 3 100 209715200 2.000000000
35 4 3 100 209715200 2.000000000
36 2 3 100 209715200 2.000000000
37 1 3 100 209715200 2.000000000
38 19 3 100 209715200 2.000000000
39 22 3 100 209715200 2.000000000
40 12 3 100 209715200 2.000000000
41 11 3 100 209715200 2.000000000
42 17 3 100 209715200 2.000000000
43 20 3 100 209715200 2.000000000
44 10 3 100 209715200 2.000000000
45 11 3 100 209715200 2.000000000
46 0 3 100 209715200 2.000000000
47 24 3 100 209715200 2.000000000
48 16 3 100 209715200 2.000000000
49 0 3 100 209715200 2.000000000
50 26 3 100 209715200 2.000000000
51 0 3 100 209715200 2.000000000
52 9 3 100 209715200 2.000000000
53 0 3 100 209715200 2.000000000
54 7 3 100 209715200 2.000000000
55 2 3 100 209715200 2.000000000
56 30 3 100 209715200 2.000000000
57 27 3 100 209715200 2.000000000
58 12 3 100 209715200 2.000000000
59 17 3 100 209715200 2.000000000
60 11 3 100 209715200 2.000000000
61 21 3 100 209715200 2.000000000
62 11 3 100 209715200 2.000000000
63 27 3 100 209715200 2.000000000
64 13 3 100 209715200 2.000000000
65 27 3 100 209715200 2.000000000
66 9 3 100 209715200 2.000000000
67 12 3 100 209715200 2.000000000
68 1 3 100 209715200 2.000000000
69 30 3 100 209715200 2.000000000
70 6 3 100 209715200 2.000000000
71 17 3 100 209715200 2.000000000
72 20 3 100 209715200 2.000000000
73 23 3 100 209715200 2.000000000
74 26 3 100 209715200 2.000000000
75 13 3 100 209715200 2.000000000
76 3 3 100 209715200 2.000000000
77 15 3 100 209715200 2.000000000
78 3 3 100 209715200 2.000000000
79 21 3 100 209715200 2.000000000
80 10 3 100 209715200 2.000000000
81 26 3 100 209715200 2.000000000
82 22 3 100 209715200 2.000000000
83 13 3 100 209715200 2.000000000
84 6 3 100 209715200 2.000000000
85 15 3 100 209715200 2.000000000
86 25 3 100 209715200 2.000000000
87 8 3 100 209715200 2.000000000
88 20 3 100 209715200 2.000000000
89 30 3 100 209715200 2.000000000
90 2 3 100 209715200 2.000000000
91 11 3 100 209715200 2.000000000
92 3 3 100 209715200 2.000000000
93 10 3 100 209715200 2.000000000
94 30 3 100 209715200 2.000000000
95 25 3 100 209715200 2.000000000
96 14 3 100 209715200 2.000000000
97 24 3 100 209715200 2.000000000
98 15 3 100 209715200 2.000000000
99 2 3 100 209715200 2.000000000
100 31 3 100 209715200 2.000000000
101 1 3 100 209715200 2.000000000
102 13 3 100 209715200 2.000000000
103 31 3 100 209715200 2.000000000
104 3 3 100 209715200 2.000000000
105 18 3 100 209715200 2.000000000
106 20 3 100 209715200 2.000000000
107 19 3 100 209715200 2.000000000
108 0 3 100 209715200 2.000000000
109 23 3 100 209715200 2.000000000
110 5 3 100 209715200 2.000000000
111 23 3 100 209715200 2.000000000
112 28 3 100 209715200 2.000000000
113 1 3 100 209715200 2.000000000
114 29 3 100 209715200 2.000000000
115 28 3 100 209715200 2.000000000
116 18 3 100 209715200 2.000000000
117 17 3 100 209715200 2.000000000
118 3 3 100 209715200 2.000000000
119 4 3 100 209715200 2.000000000
120 21 3 100 209715200 2.000000000
121 10 3 100 209715200 2.000000000
122 2 3 100 209715200 2.000000000
123 4 3 100 209715200 2.000000000
124 26 3 100 209715200 2.000000000
125 29 3 100 209715200 2.000000000
126 12 3 100 209715200 2.000000000
127 13 3 100 209715200 2.000000000
128 19 3 100 209715200 2.000000000
129 8 3 100 209715200 2.000000000
130 24 3 100 209715200 2.000000000
131 12 3 100 209715200 2.000000000
132 5 3 100 209715200 2.000000000
133 28 3 100 209715200 2.000000000
134 5 3 100 209715200 2.000000000
135 23 3 100 209715200 2.000000000
136 30 3 100 209715200 2.000000000
137 26 3 100 209715200 2.000000000
138 1 3 100 209715200 2.000000000
139 24 3 100 209715200 2.000000000
140 14 3 100 209715200 2.000000000
141 10 3 100 209715200 2.000000000
142 7 3 100 209715200 2.000000000
143 22 3 100 209715200 2.000000000
144 30 3 100 209715200 2.000000000
145 1 3 100 209715200 2.000000000
146 1 3 100 209715200 2.000000000
147 2 3 100 209715200 2.000000000
148 15 3 100 209715200 2.000000000
149 20 3 100 209715200 2.000000000
150 20 3 100 209715200 2.000000000
151 13 3 100 209715200 2.000000000
152 21 3 100 209715200 2.000000000
153 11 3 100 209715200 2.000000000
154 17 3 100 209715200 2.000000000
155 25 3 100 209715200 2.000000000
156 31 3 100 209715200 2.000000000
157 2 3 100 209715200 2.000000000
158 31 3 100 209715200 2.000000000
159 4 3 100 209715200 2.000000000
160 23 3 100 209715200 2.000000000
161 17 3 100 209715200 2.000000000
162 0 3 100 209715200 2.000000000
163 7 3 100 209715200 2.000000000
164 30 3 100 209715200 2.000000000
165 17 3 100 209715200 2.000000000
166 0 3 100 209715200 2.000000000
167 16 3 100 209715200 2.000000000
168 5 3 100 209715200 2.000000000
169 3 3 100 209715200 2.000000000
170 19 3 100 209715200 2.000000000
171 18 3 100 209715200 2.000000000
172 16 3 100 209715200 2.000000000
173 2 3 100 209715200 2.000000000
174 2 3 100 209715200 2.000000000
175 2 3 100 209715200 2.000000000
176 24 3 100 209715200 2.000000000
177 21 3 100 209715200 2.000000000
178 15 3 100 209715200 2.000000000
179 5 3 100 209715200 2.000000000
180 20 3 100 209715200 2.000000000
181 25 3 100 209715200 2.000000000
182 6 3 100 209715200 2.000000000
183 7 3 100 209715200 2.000000000
184 7 3 100 209715200 2.000000000
185 13 3 100 209715200 2.000000000
186 21 3 100 209715200 2.000000000
187 25 3 100 209715200 2.000000000
188 7 3 100 209715200 2.000000000
189 7 3 100 209715200 2.000000000
190 9 3 100 209715200 2.000000000
191 2 3 100 209715200 2.000000000
192 3 3 100 209715200 2.000000000
193 17 3 100 209715200 2.000000000
194 1 3 100 209715200 2.000000000
195 10 3 100 209715200 2.000000000
196 5 3 100 209715200 2.000000000
197 29 3 100 209715200 2.000000000
198 16 3 100 209715200 2.000000000
199 28 3 100 209715200 2.000000000
200 2 3 100 209715200 2.000000000
201 8 3 100 209715200 2.000000000
202 3 3 100 209715200 2.000000000
203 2 3 100 209715200 2.000000000
204 7 3 100 209715200 2.000000000
205 2 3 100 209715200 2.000000000
206 13 3 100 209715200 2.000000000
207 3 3 100 209715200 2.000000000
208 8 3 100 209715200 2.000000000
209 24 3 100 209715200 2.000000000
210 12 3 100 209715200 2.000000000
211 31 3 100 209715200 2.000000000
212 22 3 100 209715200 2.000000000
213 18 3 100 209715200 2.000000000
214 26 3 100 209715200 2.000000000
215 14 3 100 209715200 2.000000000
216 23 3 100 209715200 2.000000000
217 24 3 100 209715200 2.000000000
218 28 3 100 209715200 2.000000000
219 22 3 100 209715200 2.000000000
220 3 3 100 209715200 2.000000000
221 31 3 100 209715200 2.000000000
222 9 3 100 209715200 2.000000000
223 18 3 100 209715200 2.000000000
224 1 3 100 209715200 2.000000000
225 19 3 100 209715200 2.000000000
226 6 3 100 209715200 2.000000000
227 4 3 100 209715200 2.000000000
228 26 3 100 209715200 2.000000000
229 2 3 100 209715200 2.000000000
230 28 3 100 209715200 2.000000000
231 0 3 100 209715200 2.000000000
232 24 3 100 209715200 2.000000000
233 27 3 100 209715200 2.000000000
234 5 3 100 209715200 2.000000000
235 4 3 100 209715200 2.000000000
236 23 3 100 209715200 2.000000000
237 0 3 100 209715200 2.000000000
238 16 3 100 209715200 2.000000000
239 0 3 100 209715200 2.000000000
240 4 3 100 209715200 2.000000000
241 24 3 100 209715200 2.000000000
242 25 3 100 209715200 2.000000000
243 15 3 100 209715200 2.000000000
244 11 3 100 209715200 2.000000000
245 24 3 100 209715200 2.000000000
246 9 3 100 209715200 2.000000000
247 28 3 100 209715200 2.000000000
248 31 3 100 209715200 2.000000000
249 5 3 100 209715200 2.000000000
250 12 3 100 209715200 2.000000000
251 21 3 100 209715200 2.000000000
252 15 3 100 209715200 2.000000000
253 24 3 100 209715200 2.000000000
254 10 3 100 209715200 2.000000000
255 6 3 100 209715200 2.000000000
256 9 3 100 209715200 2.000000000
257 12 3 100 209715200 2.000000000
258 28 3 100 209715200 2.000000000
259 16 3 100 209715200 2.000000000
260 6 3 100 209715200 2.000000000
261 17 3 100 209715200 2.000000000
262 29 3 100 209715200 2.000000000
263 23 3 100 209715200 2.000000000
264 13 3 100 209715200 2.000000000
265 19 3 100 209715200 2.000000000
266 22 3 100 209715200 2.000000000
267 11 3 100 209715200 2.000000000
268 25 3 100 209715200 2.000000000
269 29 3 100 209715200 2.000000000
270 30 3 100 209715200 2.000000000
271 17 3 100 209715200 2.000000000
272 6 3 100 209715200 2.000000000
273 2 3 100 209715200 2.000000000
274 7 3 100 209715200 2.000000000
275 27 3 100 209715200 2.000000000
276 1 3 100 209715200 2.000000000
277 26 3 100 209715200 2.000000000
278 7 3 100 209715200 2.000000000
279 2 3 100 209715200 2.000000000
280 11 3 100 209715200 2.000000000
281 3 3 100 209715200 2.000000000
282 10 3 100 209715200 2.000000000
283 3 3 100 209715200 2.000000000
284 14 3 100 209715200 2.000000000
285 7 3 100 209715200 2.000000000
286 28 3 100 209715200 2.000000000
287 16 3 100 209715200 2.000000000
288 6 3 100 209715200 2.000000000
289 12 3 100 209715200 2.000000000
290 17 3 100 209715200 2.000000000
291 26 3 100 209715200 2.000000000
292 20 3 100 209715200 2.000000000
293 8 3 100 209715200 2.000000000
294 13 3 100 209715200 2.000000000
295 18 3 100 209715200 2.000000000
296 20 3 100 209715200 2.000000000
297 11 3 100 209715200 2.000000000
298 25 3 100 209715200 2.000000000
299 27 3 100 209715200 2.000000000
300 7 3 100 209715200 2.000000000
301 8 3 100 209715200 2.000000000
302 5 3 100 209715200 2.000000000
303 10 3 100 209715200 2.000000000
304 21 3 100 209715200 2.000000000
305 4 3 100 209715200 2.000000000
306 7 3 100 209715200 2.000000000
307 3 3 100 209715200 2.000000000
308 8 3 100 209715200 2.000000000
309 2 3 100 209715200 2.000000000
310 27 3 100 209715200 2.000000000
311 21 3 100 209715200 2.000000000
312 4 3 100 209715200 2.000000000
313 6 3 100 209715200 2.000000000
314 6 3 100 209715200 2.000000000
315 25 3 100 209715200 2.000000000
316 20 3 100 209715200 2.000000000
317 8 3 100 209715200 2.000000000
318 30 3 100 209715200 2.000000000
319 4 3 100 209715200 2.000000000
320 17 3 100 209715200 2.000000000
321 15 3 100 209715200 2.000000000
322 24 3 100 209715200 2.000000000
323 26 3 100 209715200 2.000000000
324 21 3 100 209715200 2.000000000
325 7 3 100 209715200 2.000000000
326 8 3 100 209715200 2.000000000
327 6 3 100 209715200 2.000000000
328 10 3 100 209715200 2.000000000
329 23 3 100 209715200 2.000000000
330 2 3 100 209715200 2.000000000
331 19 3 100 209715200 2.000000000
332 16 3 100 209715200 2.000000000
333 22 3 100 209715200 2.000000000
334 1 3 100 209715200 2.000000000
335 22 3 100 209715200 2.000000000
336 22 3 100 209715200 2.000000000
337 14 3 100 209715200 2.000000000
338 2 3 100 209715200 2.000000000
339 22 3 100 209715200 2.000000000
340 30 3 100 209715200 2.000000000
341 4 3 100 209715200 2.000000000
342 12 3 100 209715200 2.000000000
343 28 3 100 209715200 2.000000000
344 19 3 100 209715200 2.000000000
345 11 3 100 209715200 2.000000000
346 8 3 100 209715200 2.000000000
347 21 3 100 209715200 2.000000000
348 22 3 100 209715200 2.000000000
349 30 3 100 209715200 2.000000000
350 31 3 100 209715200 2.000000000
351 13 3 100 209715200 2.000000000
352 26 3 100 209715200 2.000000000
353 11 3 100 209715200 2.000000000
354 0 3 100 209715200 2.000000000
355 14 3 100 209715200 2.000000000
356 20 3 100 209715200 2.000000000
357 17 3 100 209715200 2.000000000
358 22 3 100 209715200 2.000000000
359 17 3 100 209715200 2.000000000
360 21 3 100 209715200 2.000000000
361 17 3 100 209715200 2.000000000
362 30 3 100 209715200 2.000000000
363 23 3 100 209715200 2.000000000
364 25 3 100 209715200 2.000000000
365 27 3 100 209715200 2.000000000
366 30 3 100 209715200 2.000000000
367 3 3 100 209715200 2.000000000
368 18 3 100 209715200 2.000000000
369 25 3 100 209715200 2.000000000
370 27 3 100 209715200 2.000000000
371 7 3 100 209715200 2.000000000
372 6 3 100 209715200 2.000000000
373 23 3 100 209715200 2.000000000
374 17 3 100 209715200 2.000000000
375 25 3 100 209715200 2.000000000
376 5 3 100 209715200 2.000000000
377 16 3 100 209715200 2.000000000
378 6 3 100 209715200 2.000000000
379 28 3 100 209715200 2.000000000
380 0 3 100 209715200 2.000000000
381 16 3 100 209715200 2.000000000
382 2 3 100 209715200 2.000000000
383 17 3 100 209715200 2.000000000
384 16 3 100 209715200 2.000000000
385 6 3 100 209715200 2.000000000
386 7 3 100 209715200 2.000000000
387 25 3 100 209715200 2.000000000
388 16 3 100 209715200 2.000000000
389 23 3 100 209715200 2.000000000
390 12 3 100 209715200 2.000000000
391 15 3 100 209715200 2.000000000
392 4 3 100 209715200 2.000000000
393 15 3 100 209715200 2.000000000
394 12 3 100 209715200 2.000000000
395 27 3 100 209715200 2.000000000
396 11 3 100 209715200 2.000000000
397 18 3 100 209715200 2.000000000
398 1 3 100 209715200 2.000000000
399 24 3 100 209715200 2.000000000
400 7 3 100 209715200 2.000000000
401 18 3 100 209715200 2.000000000
402 7 3 100 209715200 2.000000000
403 5 3 100 209715200 2.000000000
404 13 3 100 209715200 2.000000000
405 13 3 100 209715200 2.000000000
406 1 3 100 209715200 2.000000000
407 23 3 100 209715200 2.000000000
408 5 3 100 209715200 2.000000000
409 5 3 100 209715200 2.000000000
410 21 3 100 209715200 2.000000000
411 6 3 100 209715200 2.000000000
412 0 3 100 209715200 2.000000000
413 20 3 100 209715200 2.000000000
414 31 3 100 209715200 2.000000000
415 19 3 100 209715200 2.000000000
416 28 3 100 209715200 2.000000000
417 6 3 100 209715200 2.000000000
418 25 3 100 209715200 2.000000000
419 2 3 100 209715200 2.000000000
420 24 3 100 209715200 2.000000000
421 3 3 100 209715200 2.000000000
422 0 3 100 209715200 2.000000000
423 21 3 100 209715200 2.000000000
424 14 3 100 209715200 2.000000000
425 11 3 100 209715200 2.000000000
426 30 3 100 209715200 2.000000000
427 30 3 100 209715200 2.000000000
428 11 3 100 209715200 2.000000000
429 28 3 100 209715200 2.000000000
430 16 3 100 209715200 2.000000000
431 22 3 100 209715200 2.000000000
432 1 3 100 209715200 2.000000000
433 13 3 100 209715200 2.000000000
434 18 3 100 209715200 2.000000000
435 30 3 100 209715200 2.000000000
436 8 3 100 209715200 2.000000000
437 28 3 100 209715200 2.000000000
438 13 3 100 209715200 2.000000000
439 5 3 100 209715200 2.000000000
440 22 3 100 209715200 2.000000000
441 21 3 100 209715200 2.000000000
442 8 3 100 209715200 2.000000000
443 0 3 100 209715200 2.000000000
444 26 3 100 209715200 2.000000000
445 1 3 100 209715200 2.000000000
446 25 3 100 209715200 2.000000000
447 15 3 100 209715200 2.000000000
448 12 3 100 209715200 2.000000000
449 20 3 100 209715200 2.000000000
450 0 3 100 209715200 2.000000000
451 10 3 100 209715200 2.000000000
452 8 3 100 209715200 2.000000000
453 3 3 100 209715200 2.000000000
454 0 3 100 209715200 2.000000000
455 22 3 100 209715200 2.000000000
456 30 3 100 209715200 2.000000000
457 6 3 100 209715200 2.000000000
458 0 3 100 209715200 2.000000000
459 0 3 100 209715200 2.000000000
460 29 3 100 209715200 2.000000000
461 22 3 100 209715200 2.000000000
462 16 3 100 209715200 2.000000000
463 20 3 100 209715200 2.000000000
464 23 3 100 209715200 2.000000000
465 11 3 100 209715200 2.000000000
466 7 3 100 209715200 2.000000000
467 14 3 100 209715200 2.000000000
468 19 3 100 209715200 2.000000000
469 27 3 100 209715200 2.000000000
470 17 3 100 209715200 2.000000000
471 19 3 100 209715200 2.000000000
472 24 3 100 209715200 2.000000000
473 2 3 100 209715200 2.000000000
474 11 3 100 209715200 2.000000000
475 5 3 100 209715200 2.000000000
476 13 3 100 209715200 2.000000000
477 5 3 100 209715200 2.000000000
478 3 3 100 209715200 2.000000000
479 9 3 100 209715200 2.000000000
480 23 3 100 209715200 2.000000000
481 26 3 100 209715200 2.000000000
482 29 3 100 209715200 2.000000000
483 16 3 100 209715200 2.000000000
484 20 3 100 209715200 2.000000000
485 16 3 100 209715200 2.000000000
486 26 3 100 209715200 2.000000000
487 19 3 100 209715200 2.000000000
488 19 3 100 209715200 2.000000000
489 29 3 100 209715200 2.000000000
490 29 3 100 209715200 2.000000000
491 25 3 100 209715200 2.000000000
492 10 3 100 209715200 2.000000000
493 22 3 100 209715200 2.000000000
494 2 3 100 209715200 2.000000000
495 14 3 100 209715200 2.000000000
496 8 3 100 209715200 2.000000000
497 29 3 100 209715200 2.000000000
498 14 3 100 209715200 2.000000000
499 7 3 100 209715200 2.000000000
500 7 3 100 209715200 2.000000000
501 4 3 100 209715200 2.000000000
502 24 3 100 209715200 2.000000000
503 11 3 100 209715200 2.000000000
504 17 3 100 209715200 2.000000000
505 9 3 100 209715200 2.000000000
506 2 3 100 209715200 2.000000000
507 15 3 100 209715200 2.000000000
508 27 3 100 209715200 2.000000000
509 18 3 100 209715200 2.000000000
510 14 3 100 209715200 2.000000000
511 21 3 100 209715200 2.000000000
512 11 3 100 209715200 2.000000000
513 24 3 100 209715200 2.000000000
514 22 3 100 209715200 2.000000000
515 5 3 100 209715200 2.000000000
516 7 3 100 209715200 2.000000000
517 1 3 100 209715200 2.000000000
518 10 3 100 209715200 2.000000000
519 1 3 100 209715200 2.000000000
520 7 3 100 209715200 2.000000000
521 2 3 100 209715200 2.000000000
522 19 3 100 209715200 2.000000000
523 16 3 100 209715200 2.000000000
524 4 3 100 209715200 2.000000000
525 5 3 100 209715200 2.000000000
526 19 3 100 209715200 2.000000000
527 23 3 100 209715200 2.000000000
528 21 3 100 209715200 2.000000000
529 22 3 100 209715200 2.000000000
530 10 3 100 209715200 2.000000000
531 22 3 100 209715200 2.000000000
532 4 3 100 209715200 2.000000000
533 4 3 100 209715200 2.000000000
534 8 3 100 209715200 2.000000000
535 1 3 100 209715200 2.000000000
536 10 3 100 209715200 2.000000000
537 9 3 100 209715200 2.000000000
538 12 3 100 209715200 2.000000000
539 9 3 100 209715200 2.000000000
540 8 3 100 209715200 2.000000000
541 21 3 100 209715200 2.000000000
542 22 3 100 209715200 2.000000000
543 31 3 100 209715200 2.000000000
544 20 3 100 209715200 2.000000000
545 7 3 100 209715200 2.000000000
546 2 3 100 209715200 2.000000000
547 13 3 100 209715200 2.000000000
548 7 3 100 209715200 2.000000000
549 27 3 100 209715200 2.000000000
550 24 3 100 209715200 2.000000000
551 27 3 100 209715200 2.000000000
552 6 3 100 209715200 2.000000000
553 19 3 100 209715200 2.000000000
554 25 3 100 209715200 2.000000000
555 3 3 100 209715200 2.000000000
556 23 3 100 209715200 2.000000000
557 10 3 100 209715200 2.000000000
558 5 3 100 209715200 2.000000000
559 4 3 100 209715200 2.000000000
560 13 3 100 209715200 2.000000000
561 26 3 100 209715200 2.000000000
562 24 3 100 209715200 2.000000000
563 27 3 100 209715200 2.000000000
564 5 3 100 209715200 2.000000000
565 29 3 100 209715200 2.000000000
566 0 3 100 209715200 2.000000000
567 7 3 100 209715200 2.000000000
568 6 3 100 209715200 2.000000000
569 2 3 100 209715200 2.000000000
570 10 3 100 209715200 2.000000000
571 20 3 100 209715200 2.000000000
572 18 3 100 209715200 2.000000000
573 16 3 100 209715200 2.000000000
574 19 3 100 209715200 2.000000000
575 12 3 100 209715200 2.000000000
576 18 3 100 209715200 2.000000000
577 8 3 100 209715200 2.000000000
578 27 3 100 209715200 2.000000000
579 8 3 100 209715200 2.000000000
580 2 3 100 209715200 2.000000000
581 0 3 100 209715200 2.000000000
582 3 3 100 209715200 2.000000000
583 20 3 100 209715200 2.000000000
584 11 3 100 209715200 2.000000000
585 31 3 100 209715200 2.000000000
586 15 3 100 209715200 2.000000000
587 13 3 100 209715200 2.000000000
588 4 3 100 209715200 2.000000000
589 2 3 100 209715200 2.000000000
590 1 3 100 209715200 2.000000000
591 7 3 100 209715200 2.000000000
592 25 3 100 209715200 2.000000000
593 16 3 100 209715200 2.000000000
594 28 3 100 209715200 2.000000000
595 18 3 100 209715200 2.000000000
596 0 3 100 209715200 2.000000000
597 11 3 100 209715200 2.000000000
598 2 3 100 209715200 2.000000000
599 13 3 100 209715200 2.000000000
600 0 3 100 209715200 2.000000000
601 0 3 100 209715200 2.000000000
602 2 3 100 209715200 2.000000000
603 27 3 100 209715200 2.000000000
604 20 3 100 209715200 2.000000000
605 1 3 100 209715200 2.000000000
606 9 3 100 209715200 2.000000000
607 7 3 100 209715200 2.000000000
608 0 3 100 209715200 2.000000000
609 18 3 100 209715200 2.000000000
610 15 3 100 209715200 2.000000000
611 22 3 100 209715200 2.000000000
612 0 3 100 209715200 2.000000000
613 9 3 100 209715200 2.000000000
614 7 3 100 209715200 2.000000000
615 28 3 100 209715200 2.000000000
616 14 3 100 209715200 2.000000000
617 24 3 100 209715200 2.000000000
618 14 3 100 209715200 2.000000000
619 4 3 100 209715200 2.000000000
620 13 3 100 209715200 2.000000000
621 23 3 100 209715200 2.000000000
622 27 3 100 209715200 2.000000000
623 21 3 100 209715200 2.000000000
624 19 3 100 209715200 2.000000000
625 26 3 100 209715200 2.000000000
626 20 3 100 209715200 2.000000000
627 21 3 100 209715200 2.000000000
628 7 3 100 209715200 2.000000000
629 31 3 100 209715200 2.000000000
630 1 3 100 209715200 2.000000000
631 14 3 100 209715200 2.000000000
632 9 3 100 209715200 2.000000000
633 16 3 100 209715200 2.000000000
634 3 3 100 209715200 2.000000000
635 15 3 100 209715200 2.000000000
636 3 3 100 209715200 2.000000000
637 10 3 100 209715200 2.000000000
638 9 3 100 209715200 2.000000000
639 21 3 100 209715200 2.000000000
640 26 3 100 209715200 2.000000000
641 18 3 100 209715200 2.000000000
642 30 3 100 209715200 2.000000000
643 27 3 100 209715200 2.000000000
644 30 3 100 209715200 2.000000000
645 30 3 100 209715200 2.000000000
646 16 3 100 209715200 2.000000000
647 6 3 100 209715200 2.000000000
648 9 3 100 209715200 2.000000000
649 26 3 100 209715200 2.000000000
650 14 3 100 209715200 2.000000000
651 17 3 100 209715200 2.000000000
652 29 3 100 209715200 2.000000000
653 24 3 100 209715200 2.000000000
654 30 3 100 209715200 2.000000000
655 15 3 100 209715200 2.000000000
656 6 3 100 209715200 2.000000000
657 29 3 100 209715200 2.000000000
658 29 3 100 209715200 2.000000000
659 4 3 100 209715200 2.000000000
660 4 3 100 209715200 2.000000000
661 31 3 100 209715200 2.000000000
662 6 3 100 209715200 2.000000000
663 0 3 100 209715200 2.000000000
664 17 3 100 209715200 2.000000000
665 11 3 100 209715200 2.000000000
666 18 3 100 209715200 2.000000000
667 27 3 100 209715200 2.000000000
668 12 3 100 209715200 2.000000000
669 31 3 100 209715200 2.000000000
670 18 3 100 209715200 2.000000000
671 5 3 100 209715200 2.000000000
672 24 3 100 209715200 2.000000000
673 27 3 100 209715200 2.000000000
674 29 3 100 209715200 2.000000000
675 15 3 100 209715200 2.000000000
676 11 3 100 209715200 2.000000000
677 16 3 100 209715200 2.000000000
678 22 3 100 209715200 2.000000000
679 18 3 100 209715200 2.000000000
680 22 3 100 209715200 2.000000000
681 14 3 100 209715200 2.000000000
682 5 3 100 209715200 2.000000000
683 3 3 100 209715200 2.000000000
684 21 3 100 209715200 2.000000000
685 31 3 100 209715200 2.000000000
686 14 3 100 209715200 2.000000000
687 30 3 100 209715200 2.000000000
688 20 3 100 209715200 2.000000000
689 30 3 100 209715200 2.000000000
690 5 3 100 209715200 2.000000000
691 22 3 100 209715200 2.000000000
692 23 3 100 209715200 2.000000000
693 4 3 100 209715200 2.000000000
694 5 3 100 209715200 2.000000000
695 1 3 100 209715200 2.000000000
696 26 3 100 209715200 2.000000000
697 21 3 100 209715200 2.000000000
698 11 3 100 209715200 2.000000000
699 16 3 100 209715200 2.000000000
700 2 3 100 209715200 2.000000000
701 26 3 100 209715200 2.000000000
702 8 3 100 209715200 2.000000000
703 12 3 100 209715200 2.000000000
704 11 3 100 209715200 2.000000000
705 1 3 100 209715200 2.000000000
706 29 3 100 209715200 2.000000000
707 21 3 100 209715200 2.000000000
708 22 3 100 209715200 2.000000000
709 28 3 100 209715200 2.000000000
710 29 3 100 209715200 2.000000000
711 9 3 100 209715200 2.000000000
712 20 3 100 209715200 2.000000000
713 5 3 100 209715200 2.000000000
714 27 3 100 209715200 2.000000000
715 8 3 100 209715200 2.000000000
716 28 3 100 209715200 2.000000000
717 16 3 100 209715200 2.000000000
718 26 3 100 209715200 2.000000000
719 28 3 100 209715200 2.000000000
720 1 3 100 209715200 2.000000000
721 22 3 100 209715200 2.000000000
722 3 3 100 209715200 2.000000000
723 5 3 100 209715200 2.000000000
724 15 3 100 209715200 2.000000000
725 27 3 100 209715200 2.000000000
726 22 3 100 209715200 2.000000000
727 27 3 100 209715200 2.000000000
728 23 3 100 209715200 2.000000000
729 6 3 100 209715200 2.000000000
730 7 3 100 209715200 2.000000000
731 21 3 100 209715200 2.000000000
732 10 3 100 209715200 2.000000000
733 7 3 100 209715200 2.000000000
734 26 3 100 209715200 2.000000000
735 3 3 100 209715200 2.000000000
736 3 3 100 209715200 2.000000000
737 9 3 100 209715200 2.000000000
738 20 3 100 209715200 2.000000000
739 14 3 100 209715200 2.000000000
740 11 3 100 209715200 2.000000000
741 9 3 100 209715200 2.000000000
742 25 3 100 209715200 2.000000000
743 23 3 100 209715200 2.000000000
744 16 3 100 209715200 2.000000000
745 23 3 100 209715200 2.000000000
746 15 3 100 209715200 2.000000000
747 11 3 100 209715200 2.000000000
748 31 3 100 209715200 2.000000000
749 26 3 100 209715200 2.000000000
750 24 3 100 209715200 2.000000000
751 14 3 100 209715200 2.000000000
752 6 3 100 209715200 2.000000000
753 24 3 100 209715200 2.000000000
754 2 3 100 209715200 2.000000000
755 4 3 100 209715200 2.000000000
756 15 3 100 209715200 2.000000000
757 24 3 100 209715200 2.000000000
758 8 3 100 209715200 2.000000000
759 27 3 100 209715200 2.000000000
760 0 3 100 209715200 2.000000000
761 16 3 100 209715200 2.000000000
762 13 3 100 209715200 2.000000000
763 24 3 100 209715200 2.000000000
764 14 3 100 209715200 2.000000000
765 3 3 100 209715200 2.000000000
766 10 3 100 209715200 2.000000000
767 17 3 100 209715200 2.000000000
768 19 3 100 209715200 2.000000000
769 23 3 100 209715200 2.000000000
770 25 3 100 209715200 2.000000000
771 16 3 100 209715200 2.000000000
772 2 3 100 209715200 2.000000000
773 2 3 100 209715200 2.000000000
774 17 3 100 209715200 2.000000000
775 23 3 100 209715200 2.000000000
776 26 3 100 209715200 2.000000000
777 25 3 100 209715200 2.000000000
778 12 3 100 209715200 2.000000000
779 9 3 100 209715200 2.000000000
780 18 3 100 209715200 2.000000000
781 23 3 100 209715200 2.000000000
782 3 3 100 209715200 2.000000000
783 21 3 100 209715200 2.000000000
784 22 3 100 209715200 2.000000000
785 7 3 100 209715200 2.000000000
786 24 3 100 209715200 2.000000000
787 29 3 100 209715200 2.000000000
788 2 3 100 209715200 2.000000000
789 25 3 100 209715200 2.000000000
790 12 3 100 209715200 2.000000000
791 10 3 100 209715200 2.000000000
792 0 3 100 209715200 2.000000000
793 3 3 100 209715200 2.000000000
794 1 3 100 209715200 2.000000000
795 1 3 100 209715200 2.000000000
796 16 3 100 209715200 2.000000000
797 8 3 100 209715200 2.000000000
798 15 3 100 209715200 2.000000000
799 8 3 100 209715200 2.000000000
800 7 3 100 209715200 2.000000000
801 7 3 100 209715200 2.000000000
802 28 3 100 209715200 2.000000000
803 1 3 100 209715200 2.000000000
804 7 3 100 209715200 2.000000000
805 1 3 100 209715200 2.000000000
806 23 3 100 209715200 2.000000000
807 1 3 100 209715200 2.000000000
808 3 3 100 209715200 2.000000000
809 0 3 100 209715200 2.000000000
810 11 3 100 209715200 2.000000000
811 8 3 100 209715200 2.000000000
812 17 3 100 209715200 2.000000000
813 22 3 100 209715200 2.000000000
814 13 3 100 209715200 2.000000000
815 11 3 100 209715200 2.000000000
816 0 3 100 209715200 2.000000000
817 24 3 100 209715200 2.000000000
818 22 3 100 209715200 2.000000000
819 10 3 100 209715200 2.000000000
820 21 3 100 209715200 2.000000000
821 23 3 100 209715200 2.000000000
822 9 3 100 209715200 2.000000000
823 14 3 100 209715200 2.000000000
824 20 3 100 209715200 2.000000000
825 1 3 100 209715200 2.000000000
826 13 3 100 209715200 2.000000000
827 11 3 100 209715200 2.000000000
828 29 3 100 209715200 2.000000000
829 23 3 100 209715200 2.000000000
830 2 3 100 209715200 2.000000000
831 21 3 100 209715200 2.000000000
832 15 3 100 209715200 2.000000000
833 22 3 100 209715200 2.000000000
834 1 3 100 209715200 2.000000000
835 0 3 100 209715200 2.000000000
836 1 3 100 209715200 2.000000000
837 25 3 100 209715200 2.000000000
838 17 3 100 209715200 2.000000000
839 22 3 100 209715200 2.000000000
840 25 3 100 209715200 2.000000000
841 21 3 100 209715200 2.000000000
842 31 3 100 209715200 2.000000000
843 8 3 100 209715200 2.000000000
844 14 3 100 209715200 2.000000000
845 26 3 100 209715200 2.000000000
846 31 3 100 209715200 2.000000000
847 7 3 100 209715200 2.000000000
848 20 3 100 209715200 2.000000000
849 6 3 100 209715200 2.000000000
850 25 3 100 209715200 2.000000000
851 5 3 100 209715200 2.000000000
852 27 3 100 209715200 2.000000000
853 22 3 100 209715200 2.000000000
854 29 3 100 209715200 2.000000000
855 25 3 100 209715200 2.000000000
856 22 3 100 209715200 2.000000000
857 27 3 100 209715200 2.000000000
858 13 3 100 209715200 2.000000000
859 2 3 100 209715200 2.000000000
860 7 3 100 209715200 2.000000000
861 1 3 100 209715200 2.000000000
862 10 3 100 209715200 2.000000000
863 20 3 100 209715200 2.000000000
864 0 3 100 209715200 2.000000000
865 25 3 100 209715200 2.000000000
866 25 3 100 209715200 2.000000000
867 14 3 100 209715200 2.000000000
868 7 3 100 209715200 2.000000000
869 16 3 100 209715200 2.000000000
870 14 3 100 209715200 2.000000000
871 7 3 100 209715200 2.000000000
872 0 3 100 209715200 2.000000000
873 2 3 100 209715200 2.000000000
874 16 3 100 209715200 2.000000000
875 25 3 100 209715200 2.000000000
876 30 3 100 209715200 2.000000000
877 14 3 100 209715200 2.000000000
878 21 3 100 209715200 2.000000000
879 0 3 100 209715200 2.000000000
880 12 3 100 209715200 2.000000000
881 13 3 100 209715200 2.000000000
882 22 3 100 209715200 2.000000000
883 8 3 100 209715200 2.000000000
884 5 3 100 209715200 2.000000000
885 27 3 100 209715200 2.000000000
886 26 3 100 209715200 2.000000000
887 28 3 100 209715200 2.000000000
888 25 3 100 209715200 2.000000000
889 14 3 100 209715200 2.000000000
890 22 3 100 209715200 2.000000000
891 16 3 100 209715200 2.000000000
892 11 3 100 209715200 2.000000000
893 19 3 100 209715200 2.000000000
894 13 3 100 209715200 2.000000000
895 30 3 100 209715200 2.000000000
896 12 3 100 209715200 2.000000000
897 2 3 100 209715200 2.000000000
898 16 3 100 209715200 2.000000000
899 14 3 100 209715200 2.000000000
900 12 3 100 209715200 2.000000000
901 17 3 100 209715200 2.000000000
902 15 3 100 209715200 2.000000000
903 20 3 100 209715200 2.000000000
904 31 3 100 209715200 2.000000000
905 12 3 100 209715200 2.000000000
906 6 3 100 209715200 2.000000000
907 14 3 100 209715200 2.000000000
908 8 3 100 209715200 2.000000000
909 29 3 100 209715200 2.000000000
910 29 3 100 209715200 2.000000000
911 19 3 100 209715200 2.000000000
912 13 3 100 209715200 2.000000000
913 23 3 100 209715200 2.000000000
914 22 3 100 209715200 2.000000000
915 15 3 100 209715200 2.000000000
916 24 3 100 209715200 2.000000000
917 24 3 100 209715200 2.000000000
918 22 3 100 209715200 2.000000000
919 31 3 100 209715200 2.000000000
920 14 3 100 209715200 2.000000000
921 18 3 100 209715200 2.000000000
922 4 3 100 209715200 2.000000000
923 25 3 100 209715200 2.000000000
924 1 3 100 209715200 2.000000000
925 0 3 100 209715200 2.000000000
926 25 3 100 209715200 2.000000000
927 2 3 100 209715200 2.000000000
928 31 3 100 209715200 2.000000000
929 26 3 100 209715200 2.000000000
930 20 3 100 209715200 2.000000000
931 3 3 100 209715200 2.000000000
932 21 3 100 209715200 2.000000000
933 25 3 100 209715200 2.000000000
934 6 3 100 209715200 2.000000000
935 8 3 100 209715200 2.000000000
936 15 3 100 209715200 2.000000000
937 9 3 100 209715200 2.000000000
938 11 3 100 209715200 2.000000000
939 6 3 100 209715200 2.000000000
940 12 3 100 209715200 2.000000000
941 19 3 100 209715200 2.000000000
942 20 3 100 209715200 2.000000000
943 24 3 100 209715200 2.000000000
944 23 3 100 209715200 2.000000000
945 0 3 100 209715200 2.000000000
946 28 3 100 209715200 2.000000000
947 8 3 100 209715200 2.000000000
948 0 3 100 209715200 2.000000000
949 16 3 100 209715200 2.000000000
950 5 3 100 209715200 2.000000000
951 21 3 100 209715200 2.000000000
952 1 3 100 209715200 2.000000000
953 12 3 100 209715200 2.000000000
954 31 3 100 209715200 2.000000000
955 0 3 100 209715200 2.000000000
956 16 3 100 209715200 2.000000000
957 14 3 100 209715200 2.000000000
958 29 3 100 209715200 2.000000000
959 31 3 100 209715200 2.000000000
960 2 3 100 209715200 2.000000000
961 21 3 100 209715200 2.000000000
962 0 3 100 209715200 2.000000000
963 4 3 100 209715200 2.000000000
964 29 3 100 209715200 2.000000000
965 29 3 100 209715200 2.000000000
966 22 3 100 209715200 2.000000000
967 13 3 100 209715200 2.000000000
968 1 3 100 209715200 2.000000000
969 16 3 100 209715200 2.000000000
970 7 3 100 209715200 2.000000000
971 11 3 100 209715200 2.000000000
972 13 3 100 209715200 2.000000000
973 21 3 100 209715200 2.000000000
974 3 3 100 209715200 2.000000000
975 22 3 100 209715200 2.000000000
976 17 3 100 209715200 2.000000000
977 31 3 100 209715200 2.000000000
978 9 3 100 209715200 2.000000000
979 18 3 100 209715200 2.000000000
980 21 3 100 209715200 2.000000000
981 5 3 100 209715200 2.000000000
982 17 3 100 209715200 2.000000000
983 5 3 100 209715200 2.000000000
984 0 3 100 209715200 2.000000000
985 23 3 100 209715200 2.000000000
986 1 3 100 209715200 2.000000000
987 20 3 100 209715200 2.000000000
988 13 3 100 209715200 2.000000000
989 31 3 100 209715200 2.000000000
990 10 3 100 209715200 2.000000000
991 19 3 100 209715200 2.000000000
992 11 3 100 209715200 2.000000000
993 14 3 100 209715200 2.000000000
994 9 3 100 209715200 2.000000000
995 11 3 100 209715200 2.000000000
996 11 3 100 209715200 2.000000000
997 13 3 100 209715200 2.000000000
998 18 3 100 209715200 2.000000000
999 8 3 100 209715200 2.000000000
1000 19 3 100 209715200 2.000000000
1001 18 3 100 209715200 2.000000000
1002 22 3 100 209715200 2.000000000
1003 19 3 100 209715200 2.000000000
1004 22 3 100 209715200 2.000000000
1005 11 3 100 209715200 2.000000000
1006 28 3 100 209715200 2.000000000
1007 11 3 100 209715200 2.000000000
1008 15 3 100 209715200 2.000000000
1009 6 3 100 209715200 2.000000000
1010 7 3 100 209715200 2.000000000
1011 29 3 100 209715200 2.000000000
1012 4 3 100 209715200 2.000000000
1013 3 3 100 209715200 2.000000000
1014 12 3 100 209715200 2.000000000
1015 23 3 100 209715200 2.000000000
1016 31 3 100 209715200 2.000000000
1017 0 3 100 209715200 2.000000000
1018 1 3 100 209715200 2.000000000
1019 16 3 100 209715200 2.000000000
1020 30 3 100 209715200 2.000000000
1021 15 3 100 209715200 2.000000000
1022 0 3 100 209715200 2.000000000
1023 0 3 100 209715200 2.000000000
