4
11 23 3 100 3000000 2
12 24 3 100 3000000 2
13 24 3 100 3000000 2
14 24 3 100 3000000 2
15 24 3 100 3000000 2
16 24 3 100 3000000 2
17 24 3 100 3000000 2
18 24 3 100 3000000 2
19 24 3 100 3000000 2
20 24 3 100 3000000 2
21 24 3 100 3000000 2
22 24 3 100 3000000 2





8 4 3 100 10000 2.000011000
9 4 3 100 10000 2.000011000
10 4 3 100 10000 2.000011000
8 4 3 100 10000 2.000013000
9 4 3 100 10000 2.000013000
10 4 3 100 10000 2.000013000
8 4 3 100 10000 2.000015000
9 4 3 100 10000 2.000015000
10 4 3 100 10000 2.000015000
8 4 3 100 10000 2.000017000
9 4 3 100 10000 2.000017000
10 4 3 100 10000 2.000017000
8 4 3 100 10000 2.000019000
9 4 3 100 10000 2.000019000
10 4 3 100 10000 2.000019000
8 4 3 100 10000 2.000021000
9 4 3 100 10000 2.000021000
10 4 3 100 10000 2.000021000
8 4 3 100 10000 2.000023000
9 4 3 100 10000 2.000023000
10 4 3 100 10000 2.000023000
8 4 3 100 10000 2.000025000
9 4 3 100 10000 2.000025000
10 4 3 100 10000 2.000025000
8 4 3 100 10000 2.000027000
9 4 3 100 10000 2.000027000
10 4 3 100 10000 2.000027000
8 4 3 100 10000 2.000029000
9 4 3 100 10000 2.000029000
10 4 3 100 10000 2.000029000
8 4 3 100 10000 2.000031000
9 4 3 100 10000 2.000031000
10 4 3 100 10000 2.000031000
8 4 3 100 10000 2.000033000
9 4 3 100 10000 2.000033000
10 4 3 100 10000 2.000033000
8 4 3 100 10000 2.000035000
9 4 3 100 10000 2.000035000
10 4 3 100 10000 2.000035000

11 4 3 100 10000 2.000013000
12 4 3 100 10000 2.000013000
13 4 3 100 10000 2.000013000
14 4 3 100 10000 2.000015000
15 4 3 100 10000 2.000015000
16 4 3 100 10000 2.000015000

17 4 3 100 10000 2.000017000
18 4 3 100 10000 2.000017000
19 4 3 100 10000 2.000017000
11 4 3 100 10000 2.000019000
12 4 3 100 10000 2.000019000
13 4 3 100 10000 2.000019000
11 4 3 100 10000 2.000021000
12 4 3 100 10000 2.000021000
13 4 3 100 10000 2.000021000
11 4 3 100 10000 2.000023000
12 4 3 100 10000 2.000023000
13 4 3 100 10000 2.000023000
11 4 3 100 10000 2.000025000
12 4 3 100 10000 2.000025000
13 4 3 100 10000 2.000025000
11 4 3 100 10000 2.000027000
12 4 3 100 10000 2.000027000
13 4 3 100 10000 2.000027000
11 4 3 100 10000 2.000029000
12 4 3 100 10000 2.000029000
13 4 3 100 10000 2.000029000
11 4 3 100 10000 2.000031000
12 4 3 100 10000 2.000031000
13 4 3 100 10000 2.000031000
11 4 3 100 10000 2.000033000
12 4 3 100 10000 2.000033000
13 4 3 100 10000 2.000033000
11 4 3 100 10000 2.000035000
12 4 3 100 10000 2.000035000
13 4 3 100 10000 2.000035000


8 4 3 100 10000 2.000013000
9 4 3 100 10000 2.000013000
10 4 3 100 10000 2.000013000
8 4 3 100 10000 2.000015000
9 4 3 100 10000 2.000015000
10 4 3 100 10000 2.000015000
8 4 3 100 10000 2.000017000
9 4 3 100 10000 2.000017000
10 4 3 100 10000 2.000017000
8 4 3 100 10000 2.000019000
9 4 3 100 10000 2.000019000
10 4 3 100 10000 2.000019000
8 4 3 100 10000 2.000021000
9 4 3 100 10000 2.000021000
10 4 3 100 10000 2.000021000
8 4 3 100 10000 2.000023000
9 4 3 100 10000 2.000023000
10 4 3 100 10000 2.000023000
8 4 3 100 10000 2.000025000
9 4 3 100 10000 2.000025000
10 4 3 100 10000 2.000025000
8 4 3 100 10000 2.000027000
9 4 3 100 10000 2.000027000
10 4 3 100 10000 2.000027000
8 4 3 100 10000 2.000029000
9 4 3 100 10000 2.000029000
10 4 3 100 10000 2.000029000
8 4 3 100 10000 2.000031000
9 4 3 100 10000 2.000031000
10 4 3 100 10000 2.000031000
8 4 3 100 10000 2.000033000
9 4 3 100 10000 2.000033000
10 4 3 100 10000 2.000033000
8 4 3 100 10000 2.000035000
9 4 3 100 10000 2.000035000
10 4 3 100 10000 2.000035000